1.335023863091420798e-10,3.620449497994422529e-10,2.577573384012582825e-10,6.709387305011919857e-08,8.704210163576627600e-10,7.340581535401947544e-11,9.999999288645462503e-01,8.780891768894974317e-11,2.256640446790537480e-09
8.490588490399158215e-04,9.976598878451687843e-03,9.698912081034662958e-01,2.028412237107453300e-03,1.896047691132242354e-04,1.639423902763883058e-03,4.948010566926765164e-03,1.082068148175115998e-04,1.036947587831319254e-02
1.491851213645646406e-04,9.932982699919833403e-01,3.311448642294476758e-04,8.564557407980231832e-04,1.366962665474394335e-03,3.714857299138992858e-05,3.646358942802951312e-03,2.568732337752779632e-04,5.760086658044901185e-05
1.985388599483746375e-04,4.089523684326920074e-03,3.524190030652130969e-04,2.927341936819298773e-01,5.364942848307423831e-05,1.010251806169979366e-04,2.172685108658476034e-03,1.130060964084827953e-04,7.001849589565626308e-01
7.993911379132176203e-04,9.619304264473657051e-01,1.877266966541340024e-02,4.175959012850595509e-03,5.425071350048560510e-04,4.991252006978702180e-04,1.356340872163056986e-03,1.238560248370187576e-03,1.068502028022112228e-02
4.134819756600225382e-01,2.735567486157132466e-02,5.845275885088807837e-04,9.680585812790496597e-03,1.794396287200840986e-03,8.599883161910642018e-03,5.098339084541723132e-01,2.694343647483368742e-02,1.725611698989296507e-03
6.816956612892718427e-08,2.018040282963015158e-07,4.675575344015121862e-07,9.999946225160341040e-01,1.234635978924453021e-08,4.340886568961382130e-08,4.406140659537771314e-06,1.431807713997398550e-08,1.637388747596890811e-07
9.999757442027651377e-01,6.566999061223333164e-08,6.867293843945036012e-09,2.032651979103572236e-07,2.571026095359407286e-08,2.275849814262377382e-05,8.724166399919360483e-07,1.602299886014144714e-07,1.631397203546213354e-07
8.644304005854655309e-05,7.973290052323518602e-06,2.289840445818687144e-06,1.328396103579297700e-06,1.397088357752784591e-06,9.998792007649329738e-01,1.798083096007249410e-06,1.911863788507819925e-05,4.508590678425115968e-07
6.633825460834348597e-02,1.749625792533372791e-03,1.776757321848307185e-04,3.686004491643216259e-03,2.394951920633132210e-04,8.166282905461099695e-01,9.697020461435629929e-03,1.013503354909091325e-01,1.332976847768339184e-04
5.590592039587389921e-04,3.621552668210667458e-03,5.375203205136878104e-01,2.279965058064874206e-03,9.262792995121906696e-04,4.425869069750490133e-04,2.052080326005599475e-02,5.361930778673721851e-04,4.335932400116674357e-01
2.209344320794946942e-07,4.017178105426561277e-07,9.999967627188566244e-01,1.025933437317059734e-06,8.585788712758534417e-08,1.781736954376842609e-07,4.685921451447153554e-07,1.535581436524202656e-07,7.025135919752769237e-07
4.783457206548516184e-05,4.056389306886373607e-03,6.053169187303579068e-04,1.762254351653784424e-03,7.352066376829157976e-05,1.637204550387305569e-04,2.912697095964762294e-03,4.740232333301618847e-05,9.903308643125591226e-01
2.362337597231577677e-06,1.280483588390113763e-06,3.667795814994874624e-08,9.962490666441527446e-08,2.006982206266033750e-08,9.999918210033829080e-01,8.543986034200025994e-07,3.469271095585072594e-06,5.613304565827395277e-08
8.783657275880131510e-02,1.313755235808629872e-02,1.025523794897387729e-02,1.277711840983998537e-01,2.800257991537351276e-02,4.493853605562822019e-03,7.267305298596231367e-02,3.122428140106264793e-01,3.435871523182135179e-01
6.052069770266008781e-05,7.373111143546437441e-04,6.291584802729547569e-04,9.918091911901332214e-01,1.232093058471106506e-04,2.644411020154720769e-05,6.811203723766051481e-04,1.380786799942237996e-04,5.794966049116953045e-03
4.152645673775994146e-03,3.576692956021372549e-02,1.030392402095168126e-03,8.089504100882806414e-03,4.062405915043943230e-03,3.709949251007992749e-03,9.184600985354779423e-01,1.162554849666322908e-02,1.310252606483910433e-02
9.153341892746245803e-04,4.108157638910188425e-02,4.109465075793719557e-01,7.258393501590719617e-03,8.023934085578275296e-04,1.184057154686771066e-03,3.360308532663127540e-02,2.150601419820040092e-03,5.020580510309649025e-01
1.550733970247851652e-02,6.874202355866897152e-02,1.668775995098317755e-02,1.343891739103300620e-01,2.315753017347523413e-03,3.803029609587243315e-02,4.107708939314854701e-01,2.906974159470762098e-01,2.285934388575765544e-02
1.877950907409211171e-08,1.652789585555958790e-09,1.104803151049972530e-09,1.535775501906499997e-09,9.999999698235628731e-01,4.432486209675929387e-09,6.310366562751869193e-10,1.440836450758259992e-09,5.992004222037354709e-10
1.222080710478084794e-08,2.181434666798540441e-09,8.815317027046038894e-10,5.398345849122071026e-09,5.289631421923587195e-09,9.999999180794667542e-01,2.039089867186532045e-08,3.428130756334096974e-08,1.276576107582029465e-09
3.439979255323357961e-04,2.236604620515378352e-05,5.248579883833753000e-05,9.966050959546282062e-01,7.137216641587365584e-05,4.604070949844758900e-05,1.092946845829457928e-03,1.029272989762514481e-03,7.364215632897560008e-04
9.996208556063130857e-01,2.298053339013621119e-05,2.572953501682752563e-06,4.314542844533059784e-06,1.937146350466197458e-06,1.956445430981474469e-05,1.277552786300626114e-04,1.987956333582486699e-04,1.223851302055026439e-06
3.978094471629341616e-09,1.677993173437012714e-08,9.999998095604735182e-01,1.379757081681490271e-07,1.169673368350006944e-08,3.130783431392465085e-09,8.913486912803028566e-09,2.954542658821766701e-09,5.010245416159570825e-09
8.250081364644452054e-06,9.996605392072893670e-01,5.835141124734462032e-05,1.565641797691709922e-05,1.197884674658613615e-05,5.399985319131071330e-06,4.079197225289868313e-05,5.413880505755877320e-05,1.448932727453422313e-04
8.689950961502910815e-04,1.484927024711483468e-01,2.512623123451431309e-02,3.400296987992752762e-02,5.501887651484267802e-04,3.664702729852224055e-04,6.758377122316235885e-01,2.532476062497066634e-03,1.122222539860052576e-01
6.861564434977457383e-04,4.481803451556204410e-01,4.894206540259751770e-03,5.112157115057638923e-02,8.092051204417085968e-04,5.773996355695809385e-04,4.819482508176314295e-01,3.239261695180209195e-03,8.543603441222891864e-03
5.230201031939209905e-02,8.908343127566105413e-02,1.000423671085453464e-02,3.442278584765781635e-01,7.762738274294245233e-02,1.472306949169746755e-02,2.262282735392124600e-01,1.540916062899379269e-01,3.171213115372385760e-02
3.352183946841941629e-08,9.999990484158649551e-01,8.776409398189563800e-08,2.699737186801137383e-07,2.104188760032346533e-08,2.150464808048841638e-07,9.128890151611431652e-08,1.642615525472704306e-07,6.868566034734634224e-08
6.112863930248586819e-02,1.091572320098651433e-03,2.656440236713540409e-04,1.944957291510017493e-03,5.079067325780575954e-04,3.553317130131597446e-01,3.392992676738426638e-04,5.791347493161147497e-01,2.555187327076135920e-04
4.187648101631262195e-04,4.249342908245826340e-03,3.925316854730490903e-04,1.881964128653884280e-03,1.334446498029390822e-04,3.401084975540803512e-05,9.921750210546880222e-01,4.190986798713350293e-04,2.958212333465313191e-04
3.305427657884556588e-05,6.853705224791766014e-05,4.611496216044774644e-06,9.997943079238402753e-01,1.612525062447533461e-05,8.270153556103615540e-06,3.657844089834788175e-05,1.351746272533787208e-05,2.499794331257815374e-05
4.911127527605523745e-05,8.943091698992953489e-05,3.200719965374122095e-02,9.627365628468342873e-01,1.229612462725395425e-04,1.185438754004677789e-04,4.341323788214159970e-03,8.618594055508284910e-05,4.486804567162888321e-04
7.819451081482034277e-04,5.073808837915184944e-02,9.964403221884573364e-03,2.864086050688500751e-01,1.761687373264007438e-03,9.483469758975037345e-04,9.587927689567161613e-03,1.957364580093914105e-04,6.396132597252272012e-01
7.839625058129654324e-04,9.502060636195232670e-04,2.292027883875667564e-04,8.585459203715454374e-03,1.822398456982283804e-04,9.297078591504796493e-05,6.568956478773174679e-01,1.065286933925139188e-04,3.321737822361411907e-01
1.795807927331603111e-06,9.997886107689578639e-01,1.079115648008521826e-04,3.085031923414293951e-06,1.646756378168187709e-06,5.519163343530833788e-07,6.255075581810240254e-05,9.154792021104212754e-06,2.469260583902895182e-05
3.897293896393194939e-03,3.969528679506950300e-05,8.760443872819632027e-05,4.496353086844440410e-04,1.532691836576686485e-04,9.921416316751650033e-01,3.657953274047429418e-04,2.764804998449725722e-03,1.002698847219824814e-04
5.082545210101507968e-04,2.305624819429520078e-01,6.930418515254475054e-01,1.912641822544219883e-02,1.860616703098108213e-03,5.871930527672550434e-04,1.810423526047787862e-02,1.155668958517896104e-02,2.465225918362580829e-02
1.352415265358861010e-04,9.851289057329121190e-01,2.095210836822206275e-03,2.228256284793642735e-03,1.392146822147174697e-04,1.981900754885153662e-04,1.661535739622678866e-03,4.706728773009914517e-04,7.942772244309320023e-03
2.066751537460878932e-02,3.686333405077524272e-01,2.514310134625876159e-01,1.024603091446379399e-01,8.061947467622676555e-02,4.010634819765446918e-02,6.187298752898359733e-02,2.311788381048540328e-02,5.109112729706306172e-02
3.155158014710136184e-08,3.050133381598208117e-07,1.262846777553294167e-07,1.758630319232780865e-07,9.999987627802585655e-01,7.577777309360357524e-08,4.061498437217139795e-07,3.055700351124539441e-08,8.602249302692136986e-08
3.432065501292650388e-04,1.059224995826633063e-03,1.083926843412325822e-04,9.899972904842415655e-01,5.776154570940904206e-05,7.250885672459664658e-03,1.551977020630467886e-04,9.928087473745064381e-04,3.523161785464480860e-05
1.295179150897584980e-08,4.412404251734295714e-09,4.433420440117861734e-09,1.758207265036412395e-08,2.032467557992860720e-09,5.180310122908346839e-08,6.653019072787111000e-08,9.999998311841434839e-01,9.070408273431913897e-09
6.132382173718559093e-03,5.558902523704630991e-03,9.862673764293823642e-02,2.512802911891595312e-02,9.009755094815217677e-03,2.278048141591284669e-03,2.693790369395463458e-01,1.380094831706179040e-02,5.700861600477080682e-01
2.009379320708979712e-03,7.226668539959897331e-01,1.649240338042433363e-02,7.016761783237315808e-02,1.570439050778937992e-03,3.461811334643070601e-03,1.359348668630834811e-01,1.518484401004482724e-02,3.251178421195340118e-02
4.698906131171670207e-06,4.116194810983855125e-06,4.786748652845814211e-06,9.999778228302108607e-01,1.187021844428972917e-06,1.346394120813483022e-06,3.732935971956352306e-06,1.217944801492401651e-06,1.091023455458688959e-06
9.996262099194213047e-01,9.682576323662140088e-06,1.600423714609005260e-06,9.768697172603364937e-06,6.814569183406029970e-06,1.129818410824078441e-05,7.282546103815328714e-05,2.597724222496052547e-04,2.027746788265380906e-06
8.106192205858460398e-03,2.181769615128885832e-03,2.643259720360031928e-02,6.588063913037173203e-01,2.569494687426350510e-03,1.735266725875628767e-03,1.697633291586648496e-01,5.879723368030071590e-03,1.245252357316982417e-01
3.821166875735435672e-06,9.982990963357117886e-01,9.558488572868093858e-04,1.246772164655656997e-04,3.165341825549633323e-06,1.018498233509002423e-05,4.453202671949993874e-04,1.116697743381131586e-05,1.467188548707252886e-04
8.863926636891418336e-07,7.609255464907938377e-06,1.799706592237967434e-06,7.197502632645868903e-06,9.999697660531938759e-01,1.053694144058598274e-05,1.478388008770154138e-06,1.748622535584695072e-07,5.508977497940540839e-07
1.182842107835224124e-04,2.867621864462456595e-05,1.420794915867962766e-05,1.925401240389840974e-05,4.248147901073675821e-06,9.227775799270646471e-06,7.870946270664866634e-05,1.099302584066391815e-05,9.997163991967615848e-01
3.187903297984932029e-06,7.143113393178314877e-06,2.897788696009333130e-06,4.672740550477029399e-05,9.999300157751231932e-01,7.244865599039517600e-06,1.039671793059851809e-06,1.075196923490403332e-06,6.682796693653154266e-07
8.555956159572908953e-07,1.611112418611289939e-04,6.619973835932543670e-07,9.997780411591475902e-01,7.109078501063308391e-07,8.216621055789680625e-07,5.427270118815419569e-05,1.011442400978178668e-06,2.513292446755090545e-06
5.425350474212340401e-01,1.657982170605557415e-04,2.651820320371574150e-04,9.836686315453063278e-04,2.942352382815182190e-04,1.315702395058318064e-03,4.467552956309759314e-03,4.492343581737223701e-01,7.384549347508407918e-04
1.343912675499878313e-03,3.075845303236511216e-03,4.259215977499573695e-03,8.355001295350340529e-01,4.325107463176038449e-04,5.681875167652062015e-04,2.575168330132097949e-03,3.563776518662279194e-03,1.486812533968526751e-01
1.116929218420533191e-03,3.995022747970548464e-06,8.484438379229964383e-07,1.518993331600039829e-05,1.592843917916074585e-06,1.370546076749098010e-05,9.860212816137220991e-06,9.988374954947434325e-01,3.833694325274165809e-07
6.830261724084626951e-02,1.300221336627845666e-03,1.090338631072779911e-03,2.147484446314925632e-01,1.094004053673678332e-03,1.208255009563619503e-01,4.229710187311370162e-01,1.691027034068817159e-01,5.651510119061416105e-04
5.920860564741928038e-05,9.985847708541020218e-01,7.559261867954326908e-05,4.624990123517644185e-04,1.047824672256941292e-04,7.740925304993951327e-05,4.873177273438104211e-04,3.345051132189279903e-05,1.149689502778365372e-04
9.999856365457507890e-01,2.080526861963705123e-06,5.809643721052176303e-06,5.730905201744368920e-07,1.556122021408596425e-07,4.870958113736585383e-07,3.044326104393074585e-06,1.383364078809640351e-06,8.297949492198971384e-07
1.370642003517105378e-10,6.892848292976093860e-11,8.142503180615309433e-12,1.367679782460933334e-10,9.999999993718620139e-01,1.073727322708609768e-10,1.981166779349301974e-11,1.120162264851500732e-10,3.803432510361782542e-11
8.234713238156415546e-05,7.328085858759956616e-05,2.920783635065915516e-05,3.266522616915686181e-05,5.966408492000832690e-06,3.806831249548306493e-05,5.269773088878939747e-04,3.919291238664833623e-05,9.991722940042490064e-01
9.999424553824097783e-01,3.755542775749167745e-06,1.374114968455696085e-06,1.104766227019247029e-05,4.333324324852094408e-07,4.364882907575593044e-06,3.416236192764823403e-05,2.131688112420186290e-06,2.750321956694184133e-07
4.420031046354836249e-03,5.346231358475250902e-05,2.616245641418066481e-05,2.631102829100268127e-05,1.334467806752883873e-05,1.604722257388876158e-04,7.445869671233917224e-05,9.952191439760510461e-01,6.613578785647954051e-06
9.989493257785729829e-01,1.506347984530655638e-06,9.303241917387765955e-08,4.883226554501305305e-07,2.227407579178454454e-07,1.869371547366556330e-06,5.027643682813406165e-07,1.045145384512206725e-03,8.462571821237148303e-07
4.015959195991582152e-06,7.282510061219056395e-06,8.221219249837451736e-07,9.999595804217192851e-01,7.808678944903265924e-06,4.267341738424805862e-06,3.122934602128005463e-06,1.233762285249994906e-05,7.624089604883862753e-07
7.483687995078393659e-09,7.580832132011677884e-08,2.947844413362381519e-08,3.478241013595227381e-08,9.506402607339799739e-08,1.669522040191854854e-08,1.153492266837162157e-08,9.999997189787878105e-01,1.017417947588853214e-08
1.373944858935294032e-08,5.503725842172641635e-09,1.951301365421713482e-09,7.279179516783449474e-09,4.723028422440756672e-08,9.999998266426400884e-01,9.081183839157176170e-09,8.593930357684637784e-08,2.632932983508342602e-09
2.422636643680561863e-02,4.196946120699965440e-04,7.626438889954014052e-04,6.702268424191826571e-03,1.087958553484016493e-04,8.651646268279914592e-03,4.246672619766846297e-03,9.541947617798866021e-01,6.871501146553513810e-04
1.552397499181378815e-01,1.849884159661927116e-03,6.104628885310476585e-04,9.708451780429006462e-04,2.217766644615376623e-03,2.836342265032378851e-01,6.703287208438279271e-03,5.475066565980866162e-01,1.267120901247965848e-03
4.505356872813329354e-08,1.052766685245235376e-06,9.999971816943405978e-01,1.223855261148811476e-06,2.173287738335693491e-08,1.150426644672147631e-07,1.005158498144616383e-07,4.460319518103198270e-08,2.147355575430699123e-07
1.276723200356211867e-05,5.977231392367588240e-07,2.456142643551006064e-08,1.446490052696537382e-07,3.237261597284786732e-08,1.273654173794568014e-06,3.948412995353716289e-07,9.999846525332537484e-01,1.124330826032980169e-07
2.267260055984196554e-03,3.192096910726284839e-05,2.334366256895026293e-05,2.847299345840820033e-04,2.117510763239984579e-05,9.969303026695548464e-01,1.100824614842889414e-04,2.832145050080582690e-04,4.797063407574472609e-05
1.127361327150877253e-03,1.195872034127955751e-02,2.380272586979520662e-03,5.310844391804712128e-01,1.097692387085334644e-03,2.044114622158056064e-03,3.328903876661317152e-01,1.076408684802686172e-01,9.776143408475134952e-03
1.261816126683569040e-03,7.904013179225403279e-03,2.168707010903581645e-01,6.046412987470423106e-02,5.149049109933718322e-04,3.416589673233307576e-04,1.390433387417025143e-02,1.462646928888612467e-03,6.972757950476530242e-01
4.000909162468887351e-07,1.010410453373291452e-06,7.698023505946053226e-08,2.979360327716290540e-07,1.681254747859011275e-07,9.999949052784926629e-01,4.116572677374987301e-07,7.186962323409439830e-07,2.010824895017550600e-06
4.856547588300421194e-04,2.679374910075764517e-06,6.204027044916955171e-07,7.493634354760860923e-07,1.587567577525314448e-06,9.994286809088324119e-01,3.760141209508681922e-06,7.541267078071420629e-05,8.548117197681509970e-07
4.505767696833140197e-09,7.469360351225337848e-09,4.536220589884919715e-08,1.145585738415936986e-08,1.329462534262169679e-09,3.067896501071425794e-09,3.146443477584896251e-08,9.067167425345296863e-09,9.999998862778474162e-01
9.999989811686582630e-01,1.045913675013446744e-08,1.331869580667611913e-08,3.250130055753017255e-08,1.990713266008594650e-08,6.629129699788063608e-07,8.992313161221707337e-08,1.667109246660963388e-07,2.309804971232739034e-08
9.938775145292693125e-01,1.563915869697898040e-03,8.276707963323190920e-05,3.292159509431880700e-04,2.515665148609786834e-05,2.482313953959139428e-03,1.437225336918396702e-03,1.397928180012428245e-04,6.209781009130494855e-05
1.202998380855997695e-01,7.349913390080248287e-05,1.026868892614654345e-04,9.930417152671107124e-05,7.396859076181471870e-05,8.737526714133391215e-01,1.544237018305809729e-03,3.919371784676859566e-03,1.344229126277411007e-04
7.346624066412967523e-03,1.162578996387124558e-01,3.291917633254531905e-02,2.456634043006322432e-01,3.955780716040668485e-03,8.197966516527243177e-04,3.714131633292201973e-01,6.871667184991447908e-02,1.529074831148689306e-01
1.668799152385126760e-03,2.544936937825770739e-04,3.982883202234805721e-03,4.950788602665946898e-03,2.872925111470130892e-04,4.069199974156790731e-03,1.604833925312231738e-03,9.815291721665168057e-01,1.652536771798274184e-03
5.235412719671951320e-01,2.245699645737306055e-04,6.141894892168728607e-04,1.328097837758779754e-03,1.104674244967866916e-04,3.996425231185337656e-01,7.791962334281471794e-03,6.371158052531847305e-02,3.035337338625037663e-03
1.065738497606225424e-02,9.538910539317088655e-02,2.466839101349579608e-02,5.290575591385324183e-02,1.405883144199393661e-03,7.881758730946351876e-02,6.970881575592804413e-01,3.260999188267228732e-02,6.457742807802143575e-03
9.534967600805549056e-06,9.996794119006600088e-01,6.718764488721090880e-06,1.165293833001216147e-05,2.423732709866554497e-05,1.372299415770101780e-04,5.701253340617226141e-05,6.525400594705244354e-05,8.947620891639491422e-06
1.056653163473999374e-02,1.190370216991828295e-02,2.168249516071366345e-01,3.667077299326603756e-01,1.810496324792790213e-02,3.773628447842770038e-03,1.949392563719972993e-01,1.904726052168894670e-03,1.752745105356079691e-01
2.886232542442312149e-08,8.584382203807828717e-08,9.999995290904911682e-01,1.883342771281309087e-07,3.700480605391239195e-09,1.200426483594914984e-08,2.488819080701006670e-08,9.727852632701502394e-08,2.999762147684608816e-08
9.999810006687674946e-01,2.293995562411156909e-07,1.732135468593356501e-07,8.515317365845531598e-07,3.835278528816309451e-07,4.960704838351554008e-07,2.441739345472848260e-06,1.360451624951296898e-05,8.193324611490775329e-07
6.580242279530610940e-06,9.999332455889921034e-01,1.208738937469281904e-05,1.372957618287297758e-05,4.929496552358552615e-06,1.132878554565636227e-06,1.361173244055049390e-05,1.292586566345512927e-05,1.757229959979904917e-06
7.346614766418172208e-05,2.961709388211697033e-03,9.556896162102281878e-01,1.802894976325614476e-02,6.387255330067483647e-05,2.915226176307949220e-05,4.963823827919635646e-04,1.846596421472724984e-04,2.247219165063699814e-02
1.884373403733496672e-03,1.276372745685798449e-02,1.036402736149832134e-03,3.389174520072114286e-03,7.321012379598324784e-04,3.175167304414901713e-03,3.345842289440718181e-02,1.758707317093948517e-03,9.418019231293106586e-01
1.899972785887855432e-03,9.421595854098416822e-01,3.606853980407858772e-03,4.334105541723440834e-03,3.781174625622907640e-03,1.030751946914997040e-03,3.020224158373202225e-02,2.882479618754518400e-03,1.010283450711479264e-02
4.906547977437491007e-03,9.672350646541556518e-01,8.826777847241222769e-04,8.456142260020928659e-04,3.181815097314234743e-04,1.046281112656621262e-03,4.774137151923226081e-03,1.950592564475880919e-02,4.855699386104542648e-04
2.342185926658219442e-03,8.167203249956637903e-06,3.980999594517261517e-06,4.561896541316711918e-06,2.406328036734506947e-06,9.974288736133475330e-01,8.855795449819491556e-06,1.983395017866565642e-04,2.628735335173368465e-06
7.101175471624845015e-04,2.423043405435701403e-01,1.306822199815778351e-01,7.650818707877787188e-04,3.894391588946382633e-03,2.938453118322253413e-04,6.198602434923096149e-01,1.272530748570924880e-03,2.172289152425576329e-04
4.890048826395992727e-09,4.307580178315864515e-09,2.915147928292807381e-08,1.171543097627323511e-08,9.999998234884174275e-01,1.346272565775201964e-08,4.266584469277020469e-08,6.241679795688674177e-08,7.901675011158887334e-09
9.999912006968972866e-01,6.834087906453931885e-08,3.885808472608424906e-08,7.470570454099120078e-08,2.802896538616030016e-08,7.266909705600177677e-06,2.874070178872885416e-07,9.832982780334466551e-07,5.175446753883204337e-08
4.047056721062700210e-05,1.877744599649380048e-03,3.225362289750111555e-04,2.360638970087040834e-04,2.754140542704271985e-05,4.972483173996065096e-05,9.947245403311628653e-01,2.127095494964981182e-03,5.942826438613950943e-04
1.778709554763568956e-02,9.208664701196317415e-02,1.912348670247724508e-02,4.788371953637678147e-02,5.446002204351163729e-03,3.252864463525391436e-02,3.828204655611142648e-01,2.790873190247400437e-01,1.232366197760877136e-01
2.233657421721626211e-04,8.743513273207234138e-05,5.499728069830320731e-04,4.789798796473890914e-04,6.646463035771668691e-05,9.792569544520799418e-01,2.801432435665293088e-04,1.880470397289742482e-02,2.519801395636599010e-04
2.761131429537431667e-03,1.639011689075170128e-02,2.357605531269976881e-04,5.428924382983777407e-03,2.540767068895497666e-02,4.693145622560321133e-03,1.080347052696405998e-02,9.338350070379578538e-01,4.447728671628224141e-04
6.874245466640720014e-07,3.756250244123686577e-07,5.813719968478216523e-08,1.842468528444833131e-07,1.866022548723897923e-06,1.199856113825458046e-06,9.999940497953693219e-01,1.400305545431217336e-06,1.785867991610797478e-07
3.484759611614740090e-09,3.897270188615797973e-09,3.338134152340156208e-10,2.497830059085587262e-08,1.449593927525511415e-09,9.999999343342930169e-01,4.189947412222681696e-09,2.453119547195134855e-08,2.800826283068758707e-09
2.858336273719409501e-03,5.998805705360300833e-02,4.243244852405332335e-01,9.985387984110596915e-02,7.957955531411679481e-03,1.373411380123838602e-03,3.505965841318924303e-01,1.724745226284597798e-03,5.132254532132575486e-02
5.676537284343641189e-06,1.987603866400107871e-05,1.910872044827501652e-05,1.525558490103755857e-05,3.809805717773674621e-06,2.861278190736816922e-06,3.453557143816508428e-05,6.689583211373968069e-06,9.998921868801442514e-01
2.238514119666150322e-05,4.359811449473416545e-06,7.041291157059388693e-07,7.613111251896948865e-06,9.518509359996609194e-07,9.998408205092770284e-01,1.092897594818571270e-06,1.194816324405951775e-04,2.590916737824538384e-06
5.387466462190335093e-03,6.447769920320823027e-05,1.413174070026487761e-04,5.305742786309287874e-04,1.114506000141319822e-05,9.928006665490014537e-01,9.149463237000583261e-04,1.083514077766872878e-04,4.105481249326534560e-05
1.725912128291750723e-03,1.200633915657485090e-01,5.983231783465127185e-01,6.610031085048298505e-02,3.261118320609446893e-03,5.964290671674793605e-04,5.641298888441747400e-02,2.626325571129268979e-03,1.508903452656404076e-01
1.667929913675905117e-07,1.898356598844076346e-08,1.410596375680797428e-08,2.864017632595633733e-08,1.081711180849186405e-07,9.999995711580793589e-01,2.844179512495114221e-08,5.229175951452480560e-08,1.141455046528784763e-08
2.004812150126477081e-04,9.264551351675557808e-03,1.201382438197484562e-03,5.892713414883625879e-04,1.909158200751442100e-04,3.710151559499394154e-05,7.527711066483041809e-04,3.288816353346635116e-05,9.877306370477739739e-01
7.184647855397058313e-05,4.075248472429117091e-06,2.291332578802791356e-06,1.899310355183781571e-05,1.148753282401556993e-06,9.998238530598215767e-01,4.704106023751684063e-06,7.284771541561048988e-05,2.402022993312940362e-07
6.008971269589339882e-11,1.365699321757394384e-11,1.460875037424152560e-11,1.727328356555153120e-11,9.999999994611432630e-01,1.823278365173368400e-11,3.694707578061829516e-10,3.009040971296240189e-11,1.543383247135428394e-11
1.318197327359651875e-03,4.303239507743754529e-03,2.682866586111706808e-02,2.956031141269168105e-01,4.077182115290972457e-03,1.402887500142863987e-03,2.428119961862299780e-01,5.139558494721607751e-02,3.722591324279827529e-01
3.462046949799587079e-05,1.789932055873286133e-04,7.444211361616136615e-04,2.742712120212189176e-03,2.710869177201945081e-05,6.428364015241461898e-05,3.823342563977511627e-02,4.982504668932142709e-05,9.579246100501520589e-01
1.720931947920494682e-03,2.275556844175439242e-01,5.810359241003016338e-03,1.023372065741161852e-01,9.935760915967213613e-03,3.655203218907848717e-02,3.379017454386187280e-01,2.730170068934574812e-01,5.169272382294582205e-03
9.999632449508040200e-01,9.787844839201378946e-06,6.572839290013580901e-07,2.034112653701369310e-05,1.998863962612389646e-07,2.983806305584277105e-07,1.868396225050698038e-06,3.157831905928289747e-06,4.442987329532949585e-07
4.736126001095556271e-04,3.127320069554276349e-04,5.466921775371726697e-05,9.456412351079923140e-04,2.503612024953030747e-04,9.248872469012934334e-05,9.527828067494402697e-01,4.492357017147643322e-02,1.641180919710007375e-04
3.630001436154938615e-02,3.691652135685995120e-04,7.171712060332603668e-05,8.183975042165936937e-05,6.460902802810386287e-05,6.757739665039530497e-01,3.081579313029700340e-03,2.841700833069832344e-01,8.702540186291286145e-05
3.608172230403043092e-04,3.313551444370189114e-01,1.975800902257114936e-04,4.371917348213540805e-03,7.791499063662127723e-05,1.435042497153721599e-04,6.605867132358917981e-01,1.670687929924593619e-03,1.235720495333122440e-03
1.582713757333774748e-06,1.638135673208264507e-04,3.635997888270624448e-06,3.368327123888259979e-06,9.998196868830215855e-01,2.608881948329395732e-06,1.750611117765652569e-06,1.671493722047939837e-06,1.881524100266890631e-06
1.257782243287792676e-04,1.888826327550570351e-04,4.831254459425171621e-01,2.740669022305809374e-03,6.586454344441978678e-05,6.427417823937602980e-04,5.126565070612169039e-01,4.072537589251221265e-05,4.133854151456059348e-04
1.627060100818522419e-03,1.292089198430871992e-02,2.455828483560216786e-03,5.739396352156687399e-03,2.807891860415602883e-04,3.274588273153061519e-03,8.115850565571669506e-01,1.614773935584050968e-01,6.389955043892068913e-04
2.722032833489461561e-05,9.995940704968538926e-01,5.675478570850172493e-05,3.859190902555403895e-05,1.595162953742210085e-05,7.696125289841248174e-06,1.567975016953685678e-04,5.495422919865892729e-06,9.742180063460479842e-05
7.296332339290747724e-05,6.404703107128559151e-05,4.303327394078964820e-05,2.086325922423397009e-05,1.404483976258582218e-05,3.432093696839671950e-05,3.263082843255731295e-05,9.996125070831620718e-01,1.055894240452613018e-04
1.037722484363044761e-02,2.230332508282606180e-05,2.160088227936860410e-06,1.829106178922132407e-05,5.230072364113496730e-06,6.722346903931939095e-05,6.565385070654217873e-06,9.894879066432111792e-01,1.309511158436924440e-05
1.532182868637530599e-03,1.630737879222367015e-01,1.174060716748668021e-01,1.362273789839422988e-02,8.527460018504244739e-04,1.982385950666636695e-03,1.032630392220128604e-02,4.708824721673319754e-04,6.907329012889791287e-01
2.052115032025403785e-03,5.810917299042427767e-06,4.919517395274697624e-06,1.522630035636668505e-05,8.447099652763418080e-06,9.974678034203943167e-01,3.732514341041875955e-05,4.000622350351610581e-04,8.290334431288579170e-06
8.469878512829773784e-07,9.996985088919160267e-01,1.801931550409311170e-04,9.646318632876010738e-05,2.016754313518641323e-06,2.772684108178809180e-06,1.168450568512020232e-05,2.358180506035575324e-06,5.155654250101572265e-06
1.937230171296267607e-03,1.585658387464204374e-03,2.311441814629660186e-03,5.721689814051388323e-01,3.322251876103535229e-02,7.844969937094510744e-04,3.437614012097581218e-01,1.895777557032275523e-03,4.233249369993591360e-02
1.124890251294447286e-05,9.981659218917680043e-01,3.183672366541562829e-05,2.678337423196885014e-05,6.450245543340185607e-06,1.911909342528054050e-05,6.876392713758377974e-04,8.565489538421439063e-06,1.042435007938755315e-03
9.999534274219035179e-01,7.122585918841056446e-08,1.419267442951093117e-08,7.798290074045814889e-08,4.945656838486817874e-08,9.773108453367467386e-08,3.359369306883295819e-07,4.575831668635156531e-05,1.677353921977910659e-07
6.288905247497069730e-03,2.067679222712775697e-02,1.680303657517490390e-01,6.443046332495130368e-01,9.065459696241858758e-04,7.273127790072448111e-04,6.624162599024717435e-02,3.202891291692892134e-02,6.079490586830559734e-02
1.662525103830581052e-02,8.834241590442324377e-01,4.091005015599114870e-03,1.803139878385678690e-03,3.067678892260695673e-04,6.592565220427187237e-04,5.004888579491252598e-04,9.141797637872105253e-02,1.171955375538030709e-03
5.545262391117246172e-08,3.146677960925210351e-10,1.923997348307484146e-10,2.776275807321751718e-09,5.169685679915127908e-10,9.999999339561221889e-01,3.587437140335327697e-10,6.278813950654798418e-09,1.533841492698464803e-10
4.644193258630214920e-03,2.512823634818534685e-02,1.170778443996313145e-01,3.837097882190270565e-02,8.325871117529585336e-03,4.110532922511325217e-03,5.630280390279763791e-01,9.559003372930878484e-02,1.437242703743242811e-01
6.940779902179736519e-03,4.724947237427863656e-02,1.705366791701196372e-01,7.249471056543358438e-01,1.250791200886828235e-03,1.895075989745600639e-02,1.102289497009789794e-02,9.147684295257601031e-03,9.953832535387794125e-03
2.396303632563588388e-04,1.012675300962022323e-05,3.384535568201680888e-06,3.701264262415747268e-06,1.991398331133763958e-06,3.191642176764981464e-05,5.335578651274384249e-05,9.996544194091065982e-01,1.474068185044180707e-06
1.510340638031461421e-03,8.709891534755222946e-05,1.236281387169612333e-04,3.571902783763101900e-04,1.127171040974647503e-04,3.909970658086053341e-04,3.605997505238593259e-03,9.933802302068440726e-01,4.318001475390553876e-04
2.336559505053820694e-04,4.451272674053661019e-03,8.224303502685568201e-01,1.585760863692391859e-02,4.948813441470862468e-02,5.018787367227722871e-04,3.486858330595920402e-02,1.430520424442749839e-03,7.073799558812682298e-02
2.976807995216336575e-03,4.590855324347875577e-01,1.539125371956168997e-01,4.249624356429981126e-02,2.438339944204458432e-01,7.520223069244830714e-03,5.874813148927320039e-02,8.142647907872667054e-03,2.328388192324284262e-02
5.832897960815604460e-04,3.589757601680826512e-07,4.091455892015700925e-07,2.049825402374235543e-06,1.732026342688760921e-07,3.530716539483207195e-06,3.434392660931592721e-07,9.994070002634640737e-01,2.844635262950016118e-06
1.123037957998739272e-04,1.268051206471850108e-03,1.476530217770472648e-03,9.354703689722726478e-01,6.981479193828839334e-04,5.958034012257224605e-05,5.438130164471285249e-02,3.191211532267642400e-04,6.214594750240279991e-03
2.060561287668724248e-02,8.049651855972937340e-05,4.173441111755901310e-05,9.720929547671594063e-05,7.277475124206516971e-05,6.514469059384665750e-03,4.436636103924884635e-05,9.725206974663753723e-01,2.263926011754995423e-05
1.220326673383362158e-04,1.320309123005709295e-01,7.995064910230630963e-04,8.636981031833864675e-01,1.674627591520554040e-04,3.890168288199235310e-05,2.510519971673136168e-03,2.459924337260389155e-04,3.865685102479030685e-04
1.325781402737189407e-04,8.268616645435136660e-04,3.469593133571982884e-03,7.561411420796297416e-04,1.316561456067964916e-04,8.244735376969534145e-04,9.494279369442758937e-03,9.830942435669423052e-01,1.270173299842546066e-03
2.372955155853265907e-08,4.018121575270011875e-08,1.123303871863280859e-08,3.130107260701269511e-08,3.286653849568699349e-08,9.999995134954611231e-01,1.368792829764326700e-07,1.892686314763700164e-07,2.104520712827044826e-08
1.091036881092655489e-09,1.129645036693673430e-09,1.911589993437739227e-10,4.376504747143891443e-10,1.514945812874936295e-09,9.999999756729723854e-01,9.351586764229269426e-10,1.861467910063342865e-08,4.127524327526547974e-10
4.316779402827323526e-05,6.189838262782496342e-06,3.461679960052443594e-06,6.709192729169323851e-06,1.348579713820434300e-06,8.488339502612647118e-06,9.999147881217185230e-01,1.426576649211026745e-05,1.580687592689942907e-06
9.999997270840995656e-01,1.308619991197939850e-09,8.667802895792561619e-10,1.629631140767820268e-09,1.020136061472837453e-09,3.044353041165222895e-09,9.880126564611518123e-09,2.543067254711815955e-07,8.595276769698322063e-10
1.529667830595317314e-03,1.799794041853553794e-01,1.122122284929221760e-02,7.177449415531031267e-03,1.818169722342220448e-03,3.533909519948216543e-04,7.784777873201850218e-01,1.157434710372999727e-03,1.828547301433115779e-02
2.704447635453283581e-05,1.691896486281843160e-03,2.204135280124764934e-05,1.350603486213704950e-05,2.707278758580189835e-05,1.482556952626355322e-05,9.980638810242341563e-01,1.714634845482399393e-05,1.225859198992099532e-04
7.242310489669894977e-03,2.341391700637773521e-01,6.626266011865697414e-02,2.922833661999115762e-01,1.083477177765316928e-02,1.329071005595986073e-02,2.931703546865487842e-01,6.685099119480240881e-02,1.592566541301993280e-02
2.712337648093359423e-05,1.668060154116065359e-04,3.698501482952005191e-04,9.982806500096952362e-01,1.590557860078209104e-05,1.033790961890111399e-05,5.534496218370809793e-04,4.251505499166772248e-05,5.333622850686384068e-04
1.964745218306807744e-04,1.196024516457978393e-04,6.077673407691646735e-04,1.194285878763434668e-04,5.106826839347264807e-05,9.959511561022055259e-01,2.336418977005472880e-03,5.606072691247191136e-04,5.747648114867673781e-05
5.294078165189833873e-01,1.445491561862045308e-03,1.778144211630835092e-04,7.780886538852725557e-04,2.141469796435752646e-04,1.954048887296756798e-03,2.094158125774284694e-03,4.630466901111849887e-01,8.817447402066382316e-04
2.318996716301786193e-02,1.121176543976347417e-02,1.202049423886129088e-04,2.449711461115028788e-03,3.025879646013579310e-04,3.035739505143990324e-02,6.328863997550179255e-01,2.976835900073880881e-01,1.798378215267637265e-03
5.568550392343048314e-06,9.998747740550281149e-01,1.323806625772993512e-05,2.047845644171066357e-05,1.699919894324089691e-05,4.871105269329673897e-06,5.317636639843504367e-05,3.649216120053596185e-06,7.244985148850781069e-06
3.899739807577572680e-03,1.339548774443986845e-01,2.112389642753547542e-02,2.144446148867167612e-01,6.022712736577098304e-03,1.797478691669021286e-02,4.627977634130697182e-01,1.328570712547841315e-01,6.924537112650168413e-03
1.088486779348937783e-02,2.729826148732996272e-03,1.119577775335355886e-03,3.284053905305622453e-04,1.706481176139894914e-03,5.048955597866738171e-02,1.537626713145306967e-01,7.787191596703908480e-01,2.594547521829370837e-04
3.326643194243669999e-08,2.081541272413906618e-07,7.343486619237902206e-08,9.999991541900687952e-01,1.797671347939774842e-07,3.776100213770272568e-08,1.809638285840400067e-07,5.086567661155573282e-08,8.159686377087979371e-08
3.787327076777998293e-04,8.846761160893054088e-01,1.100018215771722367e-02,8.975646366267044096e-02,8.231847874910704251e-05,2.501774301795421890e-04,9.559863398794695225e-03,3.400816586458183313e-04,3.956064416259884656e-03
2.887075357560201050e-07,9.999872686466848570e-01,2.494527177206429355e-07,4.271630569907889017e-06,9.563345829283027535e-08,5.352639797775461472e-07,6.590063158268207257e-06,5.870749408847584201e-07,1.135269545616527110e-07
4.203859837221397139e-03,7.869347837060652190e-03,5.995873149174703494e-03,6.454453164732008863e-02,2.200835560759701118e-02,2.579359069521750154e-03,5.767199793276477776e-02,5.211371874833918214e-03,8.299153030445056700e-01
2.194051081373270956e-02,4.532574714313207531e-05,1.778295647499747797e-05,8.417774803043178984e-05,1.486632698066715210e-04,6.756016510102239849e-04,8.083331591645359084e-05,9.769935033740212438e-01,1.360112386418442306e-05
3.001045851790185622e-04,5.893638301567142301e-01,1.994751421604142594e-01,3.680954508190949909e-02,8.054164239102192793e-05,4.988684874463357585e-04,2.963578156117477325e-02,3.319756047063538167e-04,1.435042107200646677e-01
1.556361017436872599e-10,2.326182948579960673e-10,5.789059900955947103e-11,6.627001160295846435e-11,3.769444507714791128e-10,9.999999852450343063e-01,7.949329003866086654e-10,1.293719814883039782e-08,1.334751808499268099e-10
1.239129708267173915e-03,1.189877021362867196e-03,1.843339708358414993e-04,2.807468348529618932e-04,1.209805186347932577e-04,1.374975105098585773e-04,8.111065103868065895e-01,1.850989763876769445e-01,6.419476610531185201e-04
3.926147029664011495e-02,1.618602196940933848e-03,6.943694193841380702e-03,1.161523837145070175e-02,1.415559745285189033e-02,1.995339183605656097e-01,3.770154759892473395e-01,3.483525843759875396e-01,1.503418762474597421e-03
1.603322424781712663e-02,1.125250389751201834e-02,1.797411471267947869e-01,3.150722706495964927e-03,4.442297367980863228e-03,1.622244639391934480e-03,6.870200622973546833e-01,5.120762458807638640e-02,4.553017312857623317e-02
1.366855404251552525e-03,1.123219519981233372e-02,2.901490369117707205e-02,1.672155775612190615e-02,1.131897328469201039e-03,1.729172036428019412e-03,2.949688657167797712e-01,6.349725689441262366e-01,8.861983922833898200e-03
8.395329863937619347e-03,3.980614887988605244e-02,3.053402914422340998e-03,3.669898657721683104e-03,9.392250042341169841e-04,6.431505107955127597e-04,9.177455508896547043e-01,1.911791174854298586e-02,6.629381530804939228e-03
6.892895446746410276e-03,1.984705287687760916e-02,1.669322568433238623e-03,2.904115820120845709e-02,7.430234521223954593e-03,8.343114040038776547e-02,5.465455636027013453e-01,2.952850937305017687e-01,9.857538651919526065e-03
1.462643274110199666e-06,1.357035760891017849e-05,4.318078563056837240e-06,9.991918718819602363e-01,3.720987817415965378e-06,8.288770236756631002e-06,7.698335419832325315e-04,1.762548105656212066e-06,5.171190450661539101e-06
9.999810721516507739e-01,1.594120930178848699e-06,1.092467487914971797e-06,4.738806810816083829e-07,1.055203861801479094e-06,5.368047580768298176e-06,1.728427293103764130e-06,6.706656153485251799e-06,9.090443607275795760e-07
1.158609267876225873e-03,9.509091502991325884e-01,4.668686479730471835e-04,1.080986185463791473e-02,6.776124233095752892e-04,2.841382734576440301e-04,8.968873452786492798e-04,8.852435519095647838e-04,3.391162833642445001e-02
9.999878664078515333e-01,1.128852763230099429e-06,4.221508723853842993e-08,7.347886809614177654e-08,1.506646679981339529e-07,1.451801207807837928e-07,4.031604993095262490e-08,1.039122942490960469e-05,1.616551660928491516e-07
2.516495464112005224e-05,6.449620872469522597e-06,2.630782316119181864e-06,5.219966495135913709e-02,7.065688870104230401e-06,3.053348879568870733e-06,9.477476074232671355e-01,3.300665055011412482e-06,5.062564739480513873e-06
