1.210895596845195201e-04,4.244607741522664519e-03,3.125400808582007306e-02,3.588214873210694988e-01,5.574238348582758601e-02,2.331133469138274605e-04,3.246209841319164791e-01,1.789336935202010329e-02,2.070689569752254267e-01
6.879941682487978298e-09,1.157641559748995421e-07,9.975932887433524021e-01,5.791864565025052654e-04,4.130415451798484717e-08,1.716022801706021289e-10,1.310981366863593642e-07,3.721619149933933968e-10,1.827229209991989385e-03
8.204966097983570701e-09,9.988863134630496798e-01,2.327914217950502981e-10,1.281621926990485249e-10,4.365364082147616197e-11,7.538095719745941727e-12,1.113653164880077512e-03,3.739825560412114171e-10,2.438097631149442814e-08
3.924207882515958138e-10,1.138048629409908969e-03,1.176797810489225636e-07,9.987684171009094669e-01,1.048441577173573713e-06,1.357574844322651938e-08,8.129080074533380631e-09,3.907338257994311673e-10,9.234566033948294792e-05
4.913615582228397183e-08,7.865961085711691740e-05,2.412078822360148953e-03,9.793252723602881345e-08,6.380330318407562498e-04,6.034801186777748062e-07,8.955905727662693797e-09,5.266049738444133176e-03,9.916044192917903288e-01
9.999891940629066500e-01,3.520710912844378563e-06,7.100556977309340206e-09,1.153258774190953278e-11,5.426413331730943288e-10,9.710975187277995107e-07,7.580759026751142866e-14,6.306473736851511327e-06,1.181885649580386571e-13
3.155307229739973445e-06,4.678957916795219683e-03,9.029118503343735004e-05,4.369222535477023661e-01,1.715240021688733417e-06,6.757386239816775533e-05,1.001602973259636820e-01,2.732503363981389263e-05,4.580484305812157486e-01
9.999999972370572365e-01,6.862624640399194079e-12,4.766409357866820909e-16,3.422006929783806777e-16,6.121527100511228326e-13,1.481713411556494525e-09,5.013523470878149025e-14,1.109003955641120743e-09,1.646995770076648805e-10
2.470329438002932376e-03,4.992879602749628527e-12,3.272402050863688563e-11,2.588823836819669375e-11,6.947187691036847715e-07,9.975266298461443748e-01,4.007492988264593836e-08,2.305839927775490539e-06,1.862070841313813998e-11
3.856722993325552382e-03,1.235534352248392581e-06,7.665470483475463327e-12,8.889536096077898859e-08,5.436936554406452809e-06,9.880263354128168141e-01,2.573749487077407026e-06,8.107606470229195700e-03,2.083905701192769497e-13
4.751725557541835941e-08,3.875427474304594375e-09,8.965921297644218191e-01,1.017506516676923572e-01,4.524938221172821155e-09,5.389765120046447707e-09,1.513067630635973696e-09,4.979272745154039681e-09,1.657150768159103629e-03
7.082438729338284179e-09,8.245088617087796725e-11,9.999999817702373006e-01,1.251732828505940174e-13,2.279611223183072894e-10,1.302590793619163554e-12,8.372768614793180613e-16,2.799332315977320913e-11,1.080749008539826817e-08
5.412447989606021118e-06,6.567594506559785821e-03,8.737746865879649771e-01,4.859449826208603329e-03,5.462320017625563661e-04,1.043037025257040066e-05,2.962192650493566124e-04,5.281177058022225021e-08,1.139399221824419495e-01
1.135565158704029222e-04,1.975010420500924859e-09,6.761630566873396047e-13,2.683850993292710573e-12,6.360697764133218510e-12,9.996016618521696984e-01,4.946880622459234351e-12,2.847790234728510826e-04,6.188091308080894992e-10
1.261611196974691589e-07,1.609038495591274268e-06,9.876585314153425443e-01,2.833657847080359540e-08,4.167803334158138424e-04,3.416122267195056722e-05,9.019478836543998111e-07,2.484327022969710908e-06,1.188537721746906785e-02
3.356855026183030810e-08,7.831656377084451618e-09,6.038910728478910639e-02,9.393640120193970100e-01,1.796714967717916525e-04,3.009182562340524059e-09,1.663648736853575152e-05,1.067764988514367761e-06,4.946053729590789698e-05
7.844813554437442965e-03,9.115431362655983527e-01,2.680049288023609338e-05,3.012736229392185060e-04,4.174893267983321998e-02,5.981687031481206948e-06,2.263345199068863417e-02,1.589494798659402477e-02,6.617199973768802833e-07
1.083672350234699876e-06,3.001437865623546056e-07,8.386264194812769190e-01,4.466059950803114594e-07,4.292864706213979130e-09,3.896988155401393273e-10,3.136177415511193775e-10,7.827186361507726127e-06,1.613639179140484714e-01
4.748746539571880101e-03,2.085675541051772511e-02,2.745379663089911478e-04,8.165545121007091031e-05,9.628516487467859708e-01,5.747730808260540468e-03,2.110406896786932475e-03,3.095796403807657502e-03,2.327217767502999545e-04
1.341383534781416183e-07,2.768253190622284250e-06,1.053145453704655578e-10,2.596122669874929054e-11,9.999955780430070940e-01,3.648890523952678546e-08,1.482940211153459805e-06,3.653794616673699079e-13,4.691349564839713833e-12
8.561514438878650044e-09,4.443160224225370427e-17,8.033556827466022241e-13,7.172498117519256904e-10,1.776347568111737640e-09,9.999999888634470979e-01,2.011413479836507064e-12,7.835451268251628755e-11,2.717386173252370030e-13
3.860009407486002748e-09,2.069749180407081925e-09,6.600537175736997245e-07,9.999992634121731561e-01,7.674537652596341196e-09,8.590956638372169198e-11,5.622789087690018624e-08,2.175872347202568824e-10,6.398425514085282355e-09
9.999247319816921831e-01,4.910334586747709139e-06,2.264686236460748297e-13,9.592085676006722934e-11,2.317788838075445174e-13,8.238242450436657461e-11,1.088738308019823962e-15,7.000545320700273357e-05,3.520517514907718738e-07
4.752494309197072772e-16,1.230724089694453722e-15,9.999999999979207743e-01,6.382790956664819230e-18,2.073407467695478106e-12,1.259012969738778354e-15,1.383444068144799107e-17,1.644139536594716255e-16,2.765988324510256722e-15
1.209471516685898618e-11,9.991651461466068973e-01,2.922488023589131070e-09,8.340528028274996324e-04,2.062772073788815741e-08,1.930297636373495736e-12,7.454673539416659737e-09,1.888410143565681208e-11,7.700127743665626154e-07
2.014193074638608056e-08,1.005822865439734112e-04,4.435658190284218379e-03,2.577897354802095586e-01,4.764997003197374639e-03,2.633704126377591317e-07,7.329082188141256005e-01,5.071732309307949487e-07,1.754006494192796486e-08
1.173626701909240637e-10,9.980978344997120111e-01,5.289591069405217002e-08,9.232892005562680440e-07,1.615447489673754343e-03,1.851541607278025642e-10,2.090111013335164698e-04,7.670702635283504405e-05,2.339529969145397354e-08
1.385341350857252786e-05,1.619694084238476600e-05,4.924493261155879516e-06,2.321789440142544847e-01,8.334882164000594063e-02,8.607405623693832955e-03,6.645605366517742807e-01,1.126696329860262490e-02,2.353924056836316756e-06
1.226335960716820485e-13,9.999966662982311405e-01,2.016054416777010564e-13,1.453827749087640199e-07,4.952656849533309378e-08,1.591639041910693668e-14,3.138790818755048412e-06,4.593740235495644348e-13,8.072223723692262025e-13
1.865108333201718347e-07,4.329221675129367925e-15,1.368318898109074067e-11,1.807932800004345846e-09,1.498153816719737422e-09,3.990783812614248638e-02,7.134507086483081144e-18,9.600919720407001812e-01,2.549929672449905604e-12
1.056275435853149812e-08,8.467727500627930670e-02,1.419674749505406016e-05,6.568918722511766107e-04,3.444328354829617918e-03,1.228773846940788342e-05,9.110776052455425988e-01,1.366241866012238544e-05,1.037420537182384320e-04
2.104477770082155227e-07,2.238406381230385010e-03,1.582798598416486532e-07,9.927195471309474550e-01,5.007054667138834125e-03,1.628077915007079496e-11,2.771360576988546637e-05,2.262392959865247714e-07,6.683231699915513575e-06
1.569637796402981130e-08,5.220010894119311102e-12,1.499180020143085778e-09,9.996744403938564449e-01,1.026649945676124129e-07,1.258254994440428748e-09,3.252470127229037562e-04,1.912197920416193883e-07,2.496010251227552701e-10
2.130949340721171522e-06,1.133002584248529681e-06,1.040626163147809202e-02,5.790210128090547996e-04,2.067138055498408665e-05,1.564083616741196407e-08,3.400410069954428763e-07,2.004169591147787820e-05,9.889703846454782621e-01
2.062661041582010291e-09,3.003238721241339743e-03,2.174406056994569042e-02,2.073965201729913443e-01,1.414811708415219420e-04,4.495412676876845871e-07,4.440908997332421865e-02,9.154076700953718147e-08,7.233050662469601155e-01
2.010046385325886696e-05,9.610281710214375606e-01,5.607949327831024892e-06,4.981447378851622666e-05,3.130525280740262088e-04,1.471026761137899889e-07,3.598714945429472983e-02,1.387573750763766061e-03,1.208383255784155081e-03
7.173885874591063271e-04,1.613804622331523113e-11,4.367414998323367023e-11,1.455207755052016354e-08,7.570277723961524639e-06,7.872303196792838076e-01,9.734381513799695864e-09,2.120446814342442365e-01,1.567501763452117061e-08
5.067464575078784408e-09,6.332495763282727655e-06,1.863447441807628557e-01,1.560243752420760141e-04,2.782724210445166159e-04,1.196385884110416018e-07,5.270686894626947161e-05,1.183208452397150867e-07,8.131616766313428668e-01
5.750011570688147520e-09,9.996873737693938722e-01,2.130666512828679493e-13,7.312851542925648916e-07,1.031835097443379479e-05,8.070034381804029662e-12,3.015321382476668670e-04,3.869414519434463453e-08,3.789895231475387846e-12
3.844879733541559357e-04,9.780461390350278852e-03,9.118384378347743624e-01,1.839954275527065663e-05,7.754047538460243083e-02,4.041924164071998848e-06,4.286408259890392127e-05,1.497632120729805374e-04,2.410686553274869000e-04
2.949830499839354748e-14,5.883578514753419948e-08,5.303655713537820651e-13,1.645001414549367721e-10,9.999999125841295688e-01,6.562100096635365770e-11,2.834630614179725220e-08,9.568840632148423572e-13,2.141358253787311740e-12
2.075328738073680276e-09,7.468082632649289942e-06,7.564582032441250383e-08,9.999924298160844938e-01,1.304644488267813331e-10,5.082445562396383997e-13,2.403249812254493136e-08,1.606400045789566899e-10,5.602292099688860246e-11
9.239770530732815281e-07,1.467643360970363288e-09,9.277980312643704053e-07,1.409198990593570496e-07,3.368390711715560106e-08,1.920788853656049786e-08,5.524093692522435616e-08,9.999959605604671342e-01,1.937144173654074280e-06
3.976036348183559856e-08,3.591262050232505048e-06,9.335105426959487522e-04,5.890108120075815412e-03,9.355255004991122059e-01,1.556205804926641954e-04,5.729643314689424755e-02,3.482221263244346173e-06,1.917138670523586613e-04
1.437733353523987906e-07,2.350254288361941502e-02,5.626476424015875402e-08,7.645283830755584189e-06,1.733076869576774833e-06,2.212673842849309352e-09,9.764875592404040905e-01,3.094047540210339898e-07,7.859748746101070007e-09
2.097729633937602805e-09,3.350679712071337728e-03,1.035899196934894854e-07,9.966153937352454362e-01,6.842837977343038400e-08,1.068562679246026131e-07,1.347713918312281432e-05,2.011064687739244381e-05,5.779432585054217392e-08
9.136442926816452648e-01,2.979762089728999125e-11,2.814943149406506312e-12,4.933658698061402895e-11,4.576063365087037611e-09,1.480411333271437905e-05,2.481991514878328613e-09,8.634089606382849835e-02,1.189404457463243847e-12
1.603710229151327496e-05,3.092865422436647492e-03,2.723797858385070638e-06,9.398687216708537795e-01,9.675503271039402522e-04,3.130969856005037402e-06,5.603617182862222906e-02,1.180091416540121874e-05,9.979668119173184786e-07
2.848027780331996071e-11,9.999956173780008006e-01,7.284993289861922112e-09,1.466297185134371784e-10,1.724157534847395051e-10,5.954993342469207519e-13,4.374910983787337410e-06,1.050841031615459702e-13,7.779596409094651989e-11
8.462407116841287320e-05,7.069561700144451344e-04,3.682258352718660654e-07,6.946776114345319664e-02,9.259450338665647928e-01,1.993372209721353700e-09,3.344286653336899905e-03,5.505958746500848386e-08,4.509128166674566235e-04
9.059583592025230831e-11,2.885277549875062467e-09,1.289966166960866570e-07,2.089849115547583710e-12,8.948568567845317339e-13,5.949803249865636071e-13,4.262381968959553672e-11,9.831530538976338184e-11,9.999998678829910004e-01
3.580939843409225350e-05,5.014028412854685257e-01,1.271740496331954788e-10,8.011270891885235394e-05,4.890699253834356330e-01,9.662885758494418166e-11,9.411153067194174063e-03,1.946117713308903479e-10,1.577381339717553049e-07
2.883502096409686359e-05,2.390319790613976147e-01,7.772081647505096449e-07,7.443563026467234778e-01,1.381296439178891276e-05,1.830198479424665691e-07,1.654075369472824200e-02,2.119197679749655203e-06,2.523718610218088574e-05
9.999986143971061336e-01,1.199066166204442546e-10,9.507627734838643977e-12,3.140315181267441916e-13,1.863324269482376252e-10,3.219182178981875326e-09,1.405747268387768772e-18,1.381254743464349878e-06,8.129074555860286920e-10
6.414990095812746912e-07,1.867913614528296761e-06,1.196588525530725439e-03,7.840963566903389470e-01,3.718098765789449190e-03,3.274115842796995108e-06,2.523118567001066567e-06,1.985266746181429101e-07,2.109804508446325166e-01
3.475701045069147944e-04,2.911024479839357808e-08,6.611963351477919587e-11,2.152582391575940741e-08,6.207309841582252215e-07,1.722879236616635108e-05,5.609508599479444996e-06,9.996289057264542421e-01,1.443490079013905719e-08
2.848269726125201434e-02,9.324303149745486016e-05,7.804222035513556032e-07,3.298503693243241583e-08,1.039117732526028542e-03,7.790050436625001423e-05,9.507649725082109038e-01,1.753094941179011643e-02,2.010306143116795657e-03
1.151508658827210227e-06,9.997339339188335838e-01,4.582397971962117793e-12,1.726622885425198703e-06,2.835889482499575260e-07,5.775347835571627581e-07,2.305600483981708757e-04,3.176677182074975496e-05,1.088974502176787706e-12
9.999990074072031554e-01,1.658161408137751190e-09,5.556767432631509047e-11,3.174513886308617371e-12,2.259818973565725565e-08,5.126298349692529145e-11,2.409180106868479047e-11,9.656620819928144222e-07,2.540266668028169141e-09
4.113976830693099041e-07,5.723058343875472291e-08,3.458167103312102277e-11,1.155520937311288232e-06,9.981432865544982436e-01,3.757754447860511227e-06,1.848873984833174439e-03,2.457517466237021224e-06,4.968729297924353400e-12
1.715732912473881804e-03,2.137630238649323479e-10,8.219966116408566914e-05,2.436394649264646804e-04,1.719200684334224859e-03,3.180469588470987679e-06,3.811506367000933184e-06,1.216338962204360878e-06,9.962310187484205715e-01
9.657708130242498301e-01,4.328344260141552506e-07,8.835073994275517520e-16,3.497153324004863761e-04,5.336832301400316040e-05,3.456136596140177511e-07,3.382522444588836191e-02,1.004187064603731665e-07,7.654276743649703052e-12
3.546720441736379209e-10,9.850073955679288533e-15,4.344008675873394352e-16,7.197567393369235911e-08,1.159246430428377553e-10,8.084036342740408388e-10,2.762923145032294535e-10,9.999999264688764766e-01,1.468014229308817675e-13
3.923691751171596298e-01,7.206712076576812267e-14,9.765347799146582281e-15,1.043688048448692286e-10,1.030250008705959143e-09,5.298925962508510424e-10,4.101202949095150056e-13,6.076308232073417415e-01,1.049521684465904259e-11
1.254211301927881094e-13,3.478424861745032198e-17,4.150423910339621905e-21,9.999999999965296649e-01,9.445054341879665028e-14,6.504615774202093570e-15,5.182427355933026791e-18,3.244002513995528156e-12,1.072274451207860658e-17
7.019274220291540848e-07,9.296195065074993571e-07,4.251551270354289031e-06,9.275830294993689899e-07,1.435269317735975456e-10,6.935844353887090990e-08,9.474056692327488647e-11,9.999864242813393256e-01,6.695440721274892791e-06
1.989262937814368306e-10,7.012411948741154135e-11,5.926231344237148848e-12,7.998336554443163071e-11,4.946835508511913252e-12,9.999999995378103801e-01,9.345564384563393031e-13,1.013453085236064103e-10,2.574149185416600972e-15
2.014648576095501880e-06,5.268529101217155249e-10,7.143338450364027657e-07,1.601594979650508902e-04,1.010239123693086384e-08,9.506741952536732975e-10,4.026741294525789031e-07,9.991496291917145722e-01,6.870680738513948232e-04
1.897369573215369722e-08,3.494194931253297894e-08,1.322886163650353653e-11,9.540394102355160360e-13,1.629007501403562102e-09,1.763475298960113476e-08,3.302516820696857953e-13,9.999999267402011061e-01,6.588009618885487235e-11
4.575615206471380268e-15,3.666927694138933810e-13,9.999999999950901497e-01,4.475333104295965993e-12,3.827372695570219917e-14,1.731915511421428515e-15,9.295027874371618923e-15,1.398259411954371095e-14,3.786813244920564373e-17
3.105445092992062605e-07,2.725737260421307479e-06,3.784888645892861838e-06,4.186089861662759233e-06,9.253933349405893185e-09,1.474550153835905427e-06,9.110185644890972879e-11,9.999866704872668599e-01,8.383572668904095901e-07
4.442649199509164098e-06,3.063776246072981805e-12,3.097665826442567027e-16,4.703948264540748302e-07,6.229174020459400785e-11,9.996524560953017335e-01,2.605187200213554059e-10,3.426305335966649181e-04,1.201156267044773195e-12
1.057800629155737292e-06,2.163562057534392565e-05,4.313594085599081231e-03,2.294786905251141890e-03,6.720516261296503044e-04,8.146893933997648911e-05,1.855086273765789646e-04,9.923002165988140666e-01,1.296797962848720003e-04
5.723273937900471955e-06,7.924158241420326452e-07,1.104722683043488128e-04,5.781197506310282400e-04,1.699926011307125850e-03,2.937891844401502323e-07,6.525497028565422492e-03,3.083572808937375726e-07,9.910788671049647336e-01
4.675832808499049014e-10,1.376484273439626872e-15,8.907901001245443410e-14,1.502074588657420766e-10,5.885531501054701247e-11,9.999999957180389920e-01,2.937733109313359800e-09,3.832735130124789150e-10,2.842176647635108381e-10
2.374740193847248992e-01,6.507540590028399340e-06,2.267018272159661484e-14,1.249020070280417615e-08,1.084937637302483373e-05,7.619905690035672086e-01,2.734320149688124245e-04,2.446100026996539541e-04,1.868529448738327973e-10
1.533120979150890517e-10,4.731308401863565020e-15,6.060049246415000787e-05,7.702614281859157008e-11,3.189386101527926764e-13,4.403021850410228180e-13,6.873954212989592388e-13,2.678023102331484999e-12,9.999393992730681857e-01
9.999999999999160671e-01,4.665490343221375280e-17,1.476817934861201416e-20,5.287398782501855684e-17,9.155119787208459879e-15,6.091883742232670280e-14,4.252931525559643157e-15,8.946093314551530585e-15,7.577692524114571886e-16
9.999964493728017434e-01,3.341838755812826906e-10,3.396433018695847361e-14,6.781319977388824466e-07,1.381982089676624144e-08,2.262537818008993910e-06,1.939355025898221983e-08,5.734281106030268890e-07,2.981683049674781665e-09
7.055119313149570415e-01,1.435600185917005577e-05,3.719199922384774691e-13,1.532363751171971433e-12,1.743891404463100168e-07,2.930642296980321970e-01,8.357459973431607599e-13,1.409308401600258866e-03,1.916709177013151578e-10
2.726354556592166731e-03,2.609132061912271955e-02,9.303242077060175710e-03,1.118670173957738573e-01,1.244476826685032280e-03,5.590450803266444092e-04,5.354708850728083780e-01,6.713963140275859554e-02,2.455980269688724793e-01
7.849215151332975537e-01,4.899782763984898742e-05,7.269874906026506920e-06,2.503349326409946648e-05,6.873172649513365384e-05,6.293143285710720014e-02,1.860527460055993765e-05,1.519001118522494698e-01,7.830196044019244563e-05
9.372375772353142470e-06,1.006053737021246074e-05,8.689671074139985871e-10,1.350171754519105236e-07,4.779949089407366373e-11,8.120295316938998254e-02,1.025608496568313031e-06,9.184451442513574815e-01,3.313081236714523039e-04
1.572064613725429930e-04,1.938484027027603980e-04,2.225446396374062417e-07,1.565305218473673685e-05,7.478037621074476124e-08,4.254649146442629070e-04,9.920014523295859199e-01,7.206064387785043532e-03,1.312670879757065210e-08
1.063319364239499212e-09,7.565975282973099736e-01,6.224324955623159736e-10,2.879874370746300549e-07,2.405606610523990108e-01,2.914841423268693827e-07,2.840709693593532290e-03,5.197935358065865248e-07,5.830584455562888701e-12
5.506395208153046044e-06,1.822886126152386266e-01,2.018067922330787391e-03,7.356325488055935891e-01,4.166211282068476256e-05,4.982623759724278658e-07,7.756788305123001048e-02,2.435329731252733679e-04,2.201687862076928421e-03
1.266716597429370084e-09,8.346301606431849068e-16,9.999997479657962707e-01,2.282053048765311760e-07,1.541289267513114673e-08,5.107792562294176358e-09,1.180271219494777869e-11,2.006245647150702796e-09,2.344761005713791490e-11
9.991430619461661999e-01,7.992682992798646763e-04,8.980111554549527076e-10,4.636407111694110756e-08,5.994013978093735903e-08,4.531388341021719484e-09,2.594700384124883180e-06,2.273937862423407405e-05,3.222394193524137992e-05
6.637556223631780914e-08,4.957812293814887195e-01,2.466703674690995309e-07,3.079098042373509000e-07,3.075569960203504025e-06,6.466554706880421145e-10,5.042056567011633517e-01,9.407951733165462486e-06,8.793265240162396302e-09
1.063500040508693419e-07,1.464709778334977550e-05,8.824737018171933609e-03,4.513186448031963893e-01,2.476984241399086267e-03,4.683561887954976981e-07,5.344978822889260295e-01,2.628014549108482339e-03,2.385152952219493877e-04
7.682762590064660358e-06,1.578777195329392728e-05,4.240862990186696391e-04,1.671847250921145583e-02,9.491401560480018373e-01,8.646517820086399038e-06,3.139948075029330016e-02,1.934996771324605262e-08,2.285667991143728196e-03
2.141160747934640326e-05,1.419670988187036152e-02,7.570671368535466204e-03,2.068457519913231499e-03,3.646691352815193549e-02,8.542244531742625461e-05,9.342724093981157329e-01,2.182652460588005439e-04,5.099739004557474892e-03
2.140774130755549798e-04,4.819753040050638077e-06,3.210716322452239512e-05,1.563186896002571365e-05,3.404418774256353513e-05,1.063076210979108575e-07,2.336559034769271984e-06,9.996942546792900730e-01,2.622068011277266029e-06
4.776721810450293404e-04,5.873244778782687252e-08,1.181074183606810856e-14,7.578249116084897214e-12,9.264887993275948061e-06,9.750741593166923904e-01,7.930709055108230126e-08,2.443876467231787322e-02,8.948228670249115258e-10
6.031075724852188864e-12,8.046764806445257990e-05,9.020188612162044527e-04,1.752021061478053695e-04,2.885539221345447904e-07,6.658786527251104825e-11,9.988420200156286066e-01,2.742377983240483247e-09,2.380870360730622289e-14
6.428689970199036990e-12,3.534573815286116818e-07,1.475109818471951859e-12,8.018197805725134985e-10,9.999933741901184669e-01,3.942731796787774627e-10,5.857632845770274047e-06,4.047363317509450416e-07,8.779325668837838188e-09
9.997042055165527019e-01,2.446583265754149158e-18,1.500930858525561427e-17,2.485067915158962829e-12,2.015580858176940653e-10,2.919086374130377276e-04,2.675581437427097695e-14,3.885641922686362591e-06,4.168431146321697047e-14
6.973446668080001714e-09,2.622201333408165011e-03,2.490801341363020147e-05,4.708852138535547967e-03,3.445881993091333401e-05,1.300683450214284081e-05,9.876583298348056150e-01,4.936858673507185484e-03,1.377378450012693111e-06
1.669937151503214515e-03,2.713913227602823830e-02,2.683442776538474684e-06,9.412228564250127438e-05,8.128054771434503056e-01,1.099873266814911377e-01,2.220530270963583241e-03,4.596802101310662469e-02,1.127697350377615770e-04
7.779351529041396236e-07,5.127566965016306057e-08,6.686783114689741284e-08,1.557201403387928936e-05,3.963518604893025807e-08,9.417258571337570050e-01,8.982516065801127270e-06,5.824858228048359482e-02,7.034181989097452909e-08
2.622304477797300984e-02,5.376568706098989736e-01,7.808761490518436037e-05,6.154781925190042427e-04,5.671044680821180767e-02,1.111012676024548351e-06,3.547789837220172854e-02,3.432296467965580966e-01,7.415815056158472863e-06
4.135083280578504690e-08,1.560770942627109731e-06,6.443091240917826756e-11,8.248631207569317436e-06,1.436842698339212595e-06,1.094614779050803961e-08,9.999886676925238138e-01,2.621740001568070494e-08,7.483816347734714180e-09
4.693067903027858195e-11,2.720528854141300298e-13,2.221145554887354581e-12,5.098400794053078511e-12,2.320448751796774623e-11,9.999999988305299237e-01,4.462019315073503896e-12,1.079115974073611740e-09,8.165275516715614874e-12
1.544578443933093787e-05,2.186405070136178240e-05,6.589517562874146195e-02,5.297828927659582465e-01,2.896313233417811307e-03,1.106485132452029449e-04,4.011463522967665951e-01,9.927074079479704968e-05,3.203698593508388291e-05
2.960864368777514645e-06,5.600765753683311088e-01,3.988458880140451912e-01,4.424206008510935391e-05,5.795842438324652111e-06,8.535803434367645166e-08,2.956359733712636898e-06,5.737470691941628107e-06,4.101575866227163275e-02
4.728379408287554413e-07,1.473768304721078535e-12,5.798040080323236373e-15,3.506268838079243888e-15,3.536797610876234213e-10,9.999960330844550604e-01,2.657594124104470493e-14,3.493722379992383881e-06,3.494763697526241516e-14
2.706563533012895043e-03,7.821960160933230481e-04,8.314355829145297439e-12,5.616503382667269811e-07,8.444782804472058917e-04,2.220281469369139726e-01,1.741174467537344298e-04,7.734639249816913642e-01,1.114643478033862224e-08
3.338169780406362504e-07,3.238123081685064242e-01,1.427852273782733751e-03,6.155914969270366299e-01,2.642003651168801687e-04,7.987689755047905415e-08,2.692063945123799457e-02,7.786419269120648957e-08,3.198301125625103991e-02
6.501401571580982933e-09,7.315287896568132876e-13,6.157682785663553284e-12,2.189097332107051755e-10,4.770314498879962584e-12,9.999999692856262890e-01,2.545004170544053717e-12,2.393078302094646436e-08,4.907476889159264762e-11
1.677118940484191947e-04,2.014819539712988522e-02,1.114580603865615340e-05,1.046119206108230698e-02,1.392041039286418197e-04,1.421109555659675531e-07,1.125875085849199478e-05,1.888001717557695192e-01,7.802609781201885752e-01
1.912554582702344375e-06,5.107582300743075540e-09,1.249016666806140003e-10,1.557522361540947614e-07,2.279047837528219925e-09,9.999815219242245146e-01,5.907723889329243072e-10,1.640166469846032987e-05,1.954014443621392410e-12
2.703159281715044123e-08,3.131144013677312897e-11,6.561662522482523037e-12,4.486433060690978882e-09,9.996057362294937798e-01,3.227391723500569631e-08,3.941996895858705273e-04,2.346706167677812599e-10,1.643351172461013833e-11
1.123456105045733910e-04,3.430474450976166384e-06,1.212758209244854928e-03,3.770775163151816600e-01,9.395864971814982275e-06,2.043622679015706032e-05,2.042533066884945087e-03,6.190072206586623160e-01,5.143635733087843385e-04
1.350741511326115809e-04,8.168375720981674304e-02,8.663450829301352907e-02,2.842460536893015241e-02,2.048466158823548655e-01,2.767359051709368067e-04,4.474559076022530668e-01,1.142437845240443228e-03,1.494003577420876250e-01
1.196583746260059783e-07,6.209496209850118393e-06,1.612905339313138212e-10,3.591388305889704345e-04,9.794725912953186064e-01,6.727979743972337812e-07,2.012550333173566963e-02,1.846760603623198908e-05,1.729682247101067179e-05
9.999923752068888838e-01,1.280570393822936588e-07,2.421465226773123793e-13,2.165664149852329385e-08,1.370349678078524443e-08,9.682241974312115842e-10,1.948996999177587721e-15,7.460372418042663643e-06,3.504722853572104253e-11
4.228047124256926541e-08,2.446131955359916993e-05,2.515755385984070605e-04,4.276712234565628885e-07,9.994416398447728556e-01,1.461216289606952830e-07,2.249582527413705399e-04,4.828601389085020596e-05,8.462957119389042336e-06
2.108287412934626437e-05,1.044293434251268750e-10,1.308711894290033640e-15,1.149266940353894059e-11,7.816842375794273794e-08,9.978519573146273913e-01,1.338902424565127726e-14,2.126881526542654700e-03,3.402613655101656688e-13
1.011851626339813598e-05,1.378415295369406473e-04,1.575751253624194798e-02,1.318720924878075823e-03,1.032456028383611282e-06,2.061472042520770565e-07,9.826850164021286860e-01,6.792520446735839318e-05,2.162628325119887260e-05
7.153867165493940714e-12,5.125540691026988738e-11,1.811928485030351095e-11,1.102299785130197176e-09,9.999999926444049780e-01,9.701645272350666578e-12,6.167010666372799441e-09,3.551587244686814623e-14,1.888646302892436595e-14
2.005008233958591767e-07,9.079759013657159398e-08,1.749648421202019966e-01,4.548741109278028882e-01,2.010510489385101962e-01,1.447233520798197698e-05,1.690812899991718798e-01,1.394350051646338225e-05,8.801749986641936936e-10
4.585684586563267888e-07,4.522318793979437512e-06,3.193611126109419428e-06,6.225116483933491179e-02,3.379826756480562331e-06,2.490550118417983461e-02,9.020660922089709377e-01,1.076557987909442654e-02,1.075632847156379072e-07
1.944942096407092924e-02,1.083008721602003038e-01,7.159635078961039607e-05,1.426124808626984090e-02,3.284133224663619908e-04,1.544260711018888541e-07,1.291422199127963814e-09,6.174763384219681241e-04,8.569708170602875485e-01
1.757556942850741887e-04,4.642994774679798478e-05,3.995718826023373708e-11,4.681827521638453791e-05,2.007197529773143574e-06,5.640904184516850820e-07,1.240034194101438334e-10,9.997087854907302784e-01,1.963914011266278757e-05
6.805851212889890527e-03,9.830594829691195976e-10,1.413108274254707479e-12,4.731945787963970241e-09,1.285776504159614651e-08,1.157837577995030351e-08,4.138824469039570188e-08,9.931940682796973618e-01,8.966608615663728120e-09
5.943260584143969849e-06,1.186323219720075983e-01,6.215094389629027133e-02,7.402409817034785178e-01,1.947550339394460168e-03,3.670081978147646435e-05,4.463205723501242027e-03,7.990201884438486585e-03,6.453215040052383278e-02
2.938541280459068886e-02,7.148152884032929292e-11,7.047119923883852567e-13,1.756012515781404713e-11,3.979871709085634688e-07,9.312777239540270813e-03,4.058347669903476618e-09,9.613013855287830811e-01,2.229182116154072838e-08
4.214060163912789408e-10,9.994472209711287025e-01,6.980142336948918872e-06,2.234116672595723613e-06,2.249187510261527027e-04,8.523384684033922047e-12,3.186350456052485284e-04,9.543725469352042665e-11,1.044786370915566504e-08
1.130019840129545891e-05,1.178344769745553490e-04,9.323292388509625246e-05,5.499085375440786877e-02,2.920169160192098538e-03,3.845293032855043400e-05,9.412532594580846901e-01,1.802880130790555176e-05,5.568682964178467247e-04
1.135568050445612510e-06,9.867371040693535544e-01,4.280351704792187416e-06,1.250635096961360987e-07,5.065497469508525614e-05,1.674411080488659494e-09,1.154330492641682943e-02,3.460180202728991280e-07,1.663047353838265291e-03
9.999999293807472212e-01,3.444318382388904196e-13,3.959959028127522932e-14,1.621315425859484428e-14,6.382562131819762139e-08,5.721703255554794082e-13,4.531682675996583670e-12,6.101760618160934411e-09,6.863669523871028736e-10
3.793598081353059647e-07,6.508092908091312476e-04,1.035862855572005058e-04,6.962991300235004122e-01,1.253237045797506000e-09,3.699261740190963536e-08,3.029454290948381256e-01,3.994780288972450813e-07,2.282216035802334569e-07
1.161754240534803861e-01,1.772221619781332025e-02,4.291181308834206565e-01,1.929538439959276784e-05,1.975287781849397340e-03,5.863905268256816297e-08,1.350838641895469717e-07,4.344469278638426468e-01,5.425241122772893115e-04
1.873500707197381757e-12,3.808705643643975233e-15,1.797506863698326254e-18,6.174868163612961034e-17,3.286729649255673081e-16,9.999999999946089790e-01,6.679107018790947129e-15,3.505708494218793457e-12,1.139797052577344499e-15
5.977562462390514616e-05,3.359536671608558984e-11,1.469567834013829799e-05,3.783841489391376319e-08,8.374695353834476345e-07,4.573925815405187205e-06,4.789992825707050486e-08,1.097136701986209362e-05,9.999090601627268482e-01
4.709847677177868112e-03,1.116906529826209998e-01,1.108116822534025327e-05,8.582074390063930691e-01,2.234698916499988988e-02,3.514467021686267867e-04,3.214607354843261404e-04,1.753525263949928890e-03,6.075572989800327858e-04
8.510873652694067204e-08,1.529291929953212418e-11,2.383240447207025046e-10,1.334853574667174090e-07,3.601758789620349780e-05,5.783419203676405912e-09,8.690595340967682129e-11,9.999637575155244651e-01,1.785431580970332865e-10
1.782465532228657765e-02,4.120909267055491645e-05,2.478536732304690048e-07,2.845962951039591405e-08,3.459836115663283872e-08,3.705055109656820014e-05,1.729959243386499365e-09,9.820788087970854230e-01,1.796359523792106006e-05
5.433044509982497393e-09,9.989995365528163886e-10,9.999780089033596386e-01,8.421649833812848953e-09,4.291252644913358516e-08,4.139776034936113538e-08,5.998446793724910592e-08,1.912883758215565942e-08,2.181281935431267658e-05
1.004367352488307046e-07,9.818753395372694648e-01,1.639307041395334992e-06,2.110745734405368142e-04,1.774173974121647304e-02,9.241669056390274121e-10,1.687531686483233358e-04,1.352234525848007388e-06,7.695575649783055208e-11
7.487276309470888338e-08,1.200336331252696590e-09,1.485950640755326113e-11,9.215917619240386243e-11,2.231854592991714619e-11,1.392044381761868187e-09,3.057666119977055207e-11,9.999999153832581644e-01,6.991684012289388474e-09
4.033479552744525814e-06,4.251369226604809109e-09,1.151570699806799334e-06,9.999864976530935534e-01,4.433425396681661745e-08,1.816761111623828926e-10,4.269783755491661774e-06,3.030680968392940750e-06,9.680646305823475535e-07
1.893816113517292690e-02,1.003019362815711389e-09,8.276127929998770107e-10,1.004509095571271113e-07,2.525022981743861795e-07,2.314647808542193499e-02,9.123729535017900010e-05,9.575975224341184422e-01,2.262462660968640954e-04
2.114632242504650593e-08,9.237172750011410916e-01,5.239291993322130054e-07,2.558885025122411856e-03,1.769768355410839336e-03,2.733460875942506763e-11,7.195344300610873045e-02,7.739725030710236483e-08,6.112110250106123113e-09
7.000751099913283967e-07,2.448172440327870352e-10,6.656494285339455618e-04,1.107166452349968170e-03,4.954735773515827821e-03,1.497487494026638617e-07,9.910374973469030513e-01,2.234092430830419973e-03,8.499190248272372874e-09
4.211362094793732839e-13,8.561583445450578594e-19,3.798908356434170144e-12,3.155039221757222152e-11,3.203467299065354911e-12,9.999999999460282840e-01,1.064933803137686043e-14,1.498323525515016984e-11,3.994178513784544439e-15
3.192307841636328611e-08,2.131101063555954046e-13,2.982750114228110165e-10,1.651347261246981272e-09,7.963005928841377684e-09,9.999963744839897029e-01,5.342839472714797621e-12,3.583662282018415200e-06,1.246550122592187345e-11
1.819393743299213827e-10,2.187060817931404805e-05,1.455300897695198491e-11,1.042360682446584395e-09,4.718552005046945726e-07,8.340020937668824307e-11,9.999776561630324689e-01,4.686072667040706076e-11,4.473707383908233181e-12
9.996603306760198926e-01,9.075753756070257739e-08,6.427601657877368543e-12,2.703411145337112400e-09,6.653045114385183937e-08,6.854090444379622474e-09,1.199790976561609826e-09,3.394764089601746580e-04,2.486331111134866052e-08
3.334934905913396255e-08,1.081448973035293714e-04,8.179430693083471120e-06,1.198761749685769429e-01,1.776159451969138713e-08,7.688934621995494381e-09,8.800073863226137716e-01,3.862286572329582111e-08,1.695806860790635847e-08
6.071882552215105994e-07,6.879612580157698326e-08,7.807159815246969397e-07,9.949296275678201825e-07,5.976680404211012210e-01,1.181687401132521439e-07,3.984168154710561183e-01,1.116351248020711003e-06,3.911457957864288883e-03
8.223489946091170679e-08,9.829001895328974836e-01,9.034849207780517796e-03,1.801757521282515997e-06,7.809712925752441623e-03,1.247810209692265435e-06,2.417624273025486983e-04,9.474502994679522168e-06,8.796006418651508868e-07
5.105041839381971292e-10,7.720607026574655214e-06,3.945238149817975632e-07,9.999899818383530814e-01,5.979831495207170444e-09,2.326285250703042230e-11,1.895146847680473736e-06,4.659971775482708314e-11,1.323759394141368823e-09
8.483252860917104009e-07,3.001088259873432407e-05,4.448803695865118301e-07,7.847502627405332498e-02,6.533996751095781642e-07,9.006923724427858824e-01,1.840362691451164281e-02,2.396604672151548491e-03,4.122085680728792475e-07
9.712919699926432227e-01,1.874586525968691825e-02,4.115824921802805442e-08,4.849690514205936338e-09,2.712018795066504888e-03,2.457038558521929591e-03,1.791164278642527549e-06,4.791266979548112516e-03,3.242314795974563211e-09
6.786483512528478110e-07,8.641298093246070535e-04,3.372991621414389622e-11,1.901676848248496088e-07,2.440630095683748273e-06,3.034118651944334895e-06,9.991282716124497698e-01,1.215177132423599779e-06,3.980257960655601594e-08
3.202118922622730195e-06,9.896212232349942406e-01,1.594351641311346947e-10,8.803643015685155252e-09,1.029469311513830099e-06,4.343641676223012407e-09,9.988099556447676414e-03,1.409498044569262260e-10,3.864321726542864054e-04
1.771498009712770342e-08,6.190653186893468538e-03,5.205514261171876672e-07,1.095812427845484077e-01,1.969499931440440443e-01,8.860991494074135934e-06,6.869949111244095796e-01,1.654126645685411834e-04,1.083878376356748425e-04
6.016191268019809848e-04,1.015405690661530191e-08,1.331721878967738440e-10,9.979170192263918659e-01,1.472812944797901799e-03,3.625236460469960295e-06,4.442551844029856904e-06,4.546761007122951317e-07,1.595037415747901956e-08
4.180581571359077822e-11,4.090917699516164532e-07,2.730873044338792267e-09,9.999349696490019701e-01,1.224541488838315229e-05,1.754938321617689206e-12,5.203722097167082846e-05,5.260771741785368099e-12,3.358436734042093150e-07
5.506709236023328779e-08,1.481310368677549172e-01,1.664326806592808321e-04,8.516535718024126345e-01,4.439256688587973437e-05,1.106509712261156405e-08,1.600262077184285068e-08,6.668023604453250043e-08,4.417267240886298643e-06
1.150210245339202195e-06,9.804221365660770182e-01,1.695614597297723755e-11,8.970759932237753326e-06,8.948652220352556582e-06,3.483257472502842736e-08,1.955869331776227682e-02,1.409034139485648052e-08,5.155389077129838573e-08
6.124043700242082293e-07,9.886523750944518300e-04,7.647748730725119508e-06,1.300637460820557691e-06,7.360293092753994801e-09,1.027619666130507325e-11,9.989965226657450126e-01,7.102665094141334161e-11,5.256727003024581548e-06
2.377061651745356725e-08,4.765659223766673978e-13,1.241553992994447916e-11,5.621053827394983638e-11,2.524556078370454429e-10,5.595265790839054978e-05,3.936654388411612179e-09,9.999440193131826637e-01,7.969684134672392976e-14
6.453732608649282668e-04,3.246728022972342753e-01,6.625317787401878711e-01,3.264304904718305525e-05,1.388642546498488733e-05,3.967095915368202045e-06,1.036464485149237152e-03,1.590532285348112635e-05,1.104717932328269127e-02
3.343355187712717342e-13,3.121957636912747075e-15,5.488970006794616230e-13,9.609261303387981676e-13,1.917856244549871270e-10,9.999999995936790231e-01,3.394634000602679566e-13,2.123433741235162469e-10,5.305666393427412833e-15
2.308931141906205551e-04,1.929927796880141419e-04,4.103610933456141533e-05,1.254429459607095810e-04,6.673210934402498847e-05,7.362805796051650271e-07,1.045072236874029920e-01,8.944504753790815110e-01,3.844675944178682701e-04
1.280652754199290713e-07,9.113126213468509818e-01,1.265068491942339947e-06,1.048511043888656832e-02,9.330699367187908449e-09,3.081000069461471209e-09,7.820085763748077512e-02,4.409942106310169659e-09,6.213724698581647231e-10
1.792495987286482956e-05,1.087913030914954698e-01,2.243033489372664208e-04,1.156691302582295430e-03,3.345428097886328223e-01,2.111942303203235421e-02,1.107993639920311080e-01,4.068035681089718358e-01,1.654461237544382901e-02
1.071068894293334954e-05,5.217109877851789599e-05,8.738373152829399966e-08,1.970286545623751472e-06,3.234887003737952585e-07,2.662019283403493200e-07,1.025486650729205189e-06,9.999334452454012867e-01,1.193206814717667009e-10
2.465485106205601504e-03,2.639115609606804136e-02,1.528419504132084825e-09,1.143503625957904964e-06,1.035120586449151444e-04,9.406202382438752094e-09,9.710384789213742929e-01,2.132939552565423506e-07,8.550403545571414130e-11
5.959639736852043828e-13,1.630598525916351622e-04,1.114506304816930834e-10,1.751871323497906203e-04,9.611863305072425590e-01,5.122557255552324391e-08,3.847535119815570503e-02,3.243832822633088879e-09,1.672820844499876055e-08
3.058257151789313742e-09,3.581132932816511896e-08,2.284729204942689758e-12,9.962005201050304626e-01,1.648171107534174686e-04,1.560461735208950715e-10,3.592189700052391896e-03,4.240738992339636217e-05,2.666632300932182829e-08
9.999828914364278232e-01,9.201187671643200347e-07,6.776615640285152452e-09,3.282497008547661743e-08,6.262434946809448493e-12,2.201538005774202522e-08,4.980235208789061638e-13,1.451129943396425409e-05,1.615521644747464421e-06
1.983913115784358245e-09,8.912716110326164287e-01,1.492373703264853334e-06,5.011088255803406366e-04,2.210344138203166350e-04,5.670319139329852118e-11,1.080046793758024648e-01,2.193418767082282270e-09,6.974444223407154069e-08
5.750005737236654202e-01,6.637988520850904611e-07,4.090561187603514555e-06,1.338671337284247072e-04,1.423798213376767208e-05,8.826421576196301810e-05,1.433634171016657195e-09,4.198489034578969936e-01,4.909397693139565082e-03
2.311869184213329767e-06,6.170324388115263920e-04,3.167517998029086563e-12,2.711099243430425410e-01,2.703621344927655413e-06,2.443492950533573760e-08,7.282679981255348878e-01,1.502232287152055571e-09,3.661752471207471664e-09
