5.487425755488813638e-03,9.596854378109871686e-02,7.434004771352861751e-02,2.686816119749961262e-01,1.216888594316017230e-01,1.733589693238557494e-03,2.807626937540451673e-01,3.094852269528897831e-02,1.203887052007131114e-01
7.498389333626146944e-04,7.335693815969398721e-03,8.281055086540236587e-01,6.477151231174022028e-02,3.691929977963735645e-03,2.084629544576096789e-04,5.275126707346262066e-03,4.151721979239042103e-04,8.944675444721258972e-02
7.015535606348682028e-03,7.996221677884994827e-01,4.899410928297254046e-03,4.076904020549890033e-03,1.477902301071244012e-02,1.111469671487131869e-03,1.548109549300602794e-01,7.693263103088792375e-03,5.991270940956431625e-03
3.143519864429141983e-03,1.221009270132933505e-01,3.042429202942384045e-02,6.088980927957758915e-01,4.450866954189089397e-02,1.483320241256547503e-03,7.758002357157210704e-02,5.070746725121654669e-03,1.067904082172365932e-01
1.310157938050046308e-02,4.139611106715571087e-01,1.113851736624408145e-01,2.544260942097973863e-02,7.495792610561237412e-02,5.298227296657900473e-03,1.121953650168157901e-01,1.284985150619909477e-01,1.151594933834445000e-01
9.067475507912683419e-01,1.088326825484687080e-02,5.679065280992854053e-04,2.371258163526433066e-03,8.766102292481980918e-03,5.252858239550172240e-03,8.123697560783212437e-03,5.682317578667409053e-02,4.641823827698472260e-04
1.440567831287661773e-03,5.872751126808073430e-02,2.204331114385463600e-02,7.338286176267521110e-01,5.186390369942095110e-03,1.729671083972103042e-03,3.796184054946542125e-02,1.624791912326613557e-03,1.374572982143183741e-01
9.990903464662352906e-01,4.961159174988438025e-05,1.980508987928598854e-06,2.902233706258635170e-06,1.231610309061354478e-04,5.769567770716093127e-04,4.674343654810194423e-05,3.432806265438625071e-05,7.396989214034030435e-05
2.307979415212399119e-03,1.745251204900080401e-05,2.356013084581795593e-06,8.409903067327030899e-06,9.129615903208791500e-05,9.969176238147432478e-01,1.287812259912398674e-04,5.215207259189620203e-04,4.580230901228259251e-06
9.292531870615861056e-02,3.496905351851683445e-03,1.611590703825254572e-03,2.833264026399098454e-03,6.792322922394098544e-03,7.625075011652975299e-01,5.630873996453501090e-03,1.227297719891502908e-01,1.472451138470315781e-03
1.905268380769989866e-03,6.950318883164028488e-03,6.360971969914974711e-01,8.971244735965962225e-02,6.044228182866795071e-03,9.793930305618122559e-04,9.135466500560946931e-03,1.659271201245730723e-03,2.475164094696737649e-01
4.088014427149665522e-04,4.188933269627970494e-04,9.928416422487268411e-01,6.558692788965457283e-04,2.381541317642338795e-04,2.608067732742077780e-04,7.740005367859642321e-05,4.034396950929289185e-04,4.694993048888869251e-03
3.628374443450897279e-03,5.491128841619879325e-02,1.057124145028105755e-01,7.179002725960274833e-02,2.086221265218699342e-02,1.090631262805360916e-03,7.190131170249175474e-02,2.392362153592850552e-03,6.677113776068598350e-01
3.005737446879009570e-03,2.243863153339456171e-04,9.175098316068385068e-06,3.258897884169908153e-05,1.206919171068338757e-04,9.950152581851501310e-01,5.132232106041912474e-04,1.036299988905953727e-03,4.263885886178147249e-05
1.468458844086382997e-02,2.766099635172759863e-02,1.812725353018891927e-01,3.376276708749399030e-02,5.620347741483766590e-01,8.574917335035261295e-03,5.185976882192023379e-02,4.198310614340725055e-02,7.816654636928566102e-02
5.368689086168935976e-03,3.238144060792993301e-02,2.630255817709389321e-01,4.765230788704660214e-01,6.193512229776890893e-02,1.172842146745884002e-03,8.696341630639327358e-02,1.878176744859728908e-02,5.384806146499029195e-02
1.480376543369761946e-02,2.352129207632650820e-01,1.231838913993355683e-02,8.440215623669959644e-02,1.295727390135786861e-01,8.185410713172656732e-04,4.145661703169605805e-01,9.851260586350987780e-02,9.792712161037584601e-03
3.154836010435236714e-03,1.959633547163243047e-02,2.712041534658787278e-01,4.183815954712001572e-02,1.679985966026741398e-02,6.230009732909252496e-04,2.246373727934179720e-02,5.278627916048200114e-03,6.190412896759853734e-01
1.031226672860177662e-02,1.843821214189191593e-01,1.511202010966800242e-02,1.089124236195957024e-01,1.810584319053224756e-01,3.735661260252887833e-02,3.417476258742609407e-01,9.424419712450990416e-02,2.687430061659291589e-02
6.823563582360821222e-02,8.633692001498686694e-03,1.534384288537401836e-03,7.501824854909004518e-03,8.886286512354869549e-01,3.910831396196956349e-03,1.737525882787932519e-02,2.090242838150257933e-03,2.089478733732970731e-03
7.977294029441162390e-10,1.833843409650723854e-10,2.211429136930997984e-10,3.215398126918019362e-10,4.337186650609268937e-10,9.999802133237564172e-01,3.031485650603768201e-07,1.945828124376474660e-05,2.328891955722652540e-08
3.170948714340715742e-03,1.343788015197431435e-02,2.638119013345665426e-02,8.942143627176577514e-01,7.782338566755159920e-03,3.487180669125303982e-04,1.662563182769521974e-02,2.966599089841562460e-03,3.507233073136579310e-02
9.666793069872254840e-01,6.403698245527291409e-03,3.366002059540209234e-04,1.064290927453133894e-03,1.913265986712169367e-03,7.745038946855884810e-04,1.380036764108921602e-03,2.024943566740109932e-02,1.198861320931670195e-03
2.217974541409665525e-03,1.109379940510380830e-04,9.941043403921486776e-01,8.484922611367158281e-04,1.137784363633839160e-03,3.226310661941600520e-04,2.940598934832479978e-04,3.641656078118806947e-04,5.996138801309798495e-04
8.002943637941671053e-04,9.470870185905148064e-01,6.510334281499141271e-03,1.565506422883481200e-02,3.931093670887913887e-03,8.446256258494644819e-05,1.435475225438591525e-02,5.354223744774728186e-04,1.104155767302027885e-02
3.690970311709187990e-03,3.409083246369398051e-02,5.811703417594878129e-02,1.603968103099837339e-01,5.042498539502033444e-02,2.198254987509078162e-03,6.781859210278192718e-01,2.917772331897795172e-03,9.977418996418350658e-03
1.842225746124201338e-03,7.722208142345969861e-01,9.643142702016549439e-03,2.294859318399503079e-02,7.494478672492667359e-02,3.314613800381407851e-04,1.039957946094612617e-01,5.395200946117000018e-03,8.677980472724736161e-03
1.243869563791112111e-02,3.925919421350299726e-02,3.302133230277363302e-02,1.133283238907111939e-01,2.520605848890984935e-01,2.556975836622943712e-02,3.137380028139629684e-01,2.020506177364607969e-01,8.533490149349424667e-03
1.092877170828296921e-04,9.608820638333045450e-01,1.103017521902201577e-04,1.165690980498151376e-02,1.045950616717009063e-02,1.200206457143886487e-04,1.636427180233937170e-02,1.529035197105026568e-04,1.447347575069661302e-04
2.741801035062299552e-02,7.290954841381024358e-05,4.249926641110923173e-05,3.028624403908339226e-04,1.888785133095448538e-03,9.244687652892553675e-01,1.767002120258623474e-04,4.560989640753954771e-02,1.957135224466245379e-05
2.220858084500741507e-03,2.450626078140778208e-01,8.174706315081029309e-03,2.179929315186849778e-02,6.750135064258971918e-02,1.066261452548849728e-03,6.047127571537613822e-01,3.786244020352051709e-02,1.159972518205159252e-02
1.706470468901471956e-05,1.066150784211496389e-03,7.644314387554735626e-04,9.942859059095657814e-01,6.745147229724607341e-04,2.771336603586703245e-05,2.681899462200386646e-03,2.478945206196048968e-05,4.575301595076539845e-04
1.555334482350285161e-03,1.734152478665779151e-02,2.340580329302562046e-02,6.921028049515888236e-01,5.195866379396789358e-02,3.026305839253782323e-04,1.903349773087722185e-01,1.183288006453669244e-02,1.116538073517481418e-02
4.314404642681128783e-03,7.334576003116884124e-02,1.509159057854554675e-01,1.265496266493807420e-01,2.980992907098527211e-02,1.447724831977723536e-03,2.075103862659539167e-01,2.908610018364986456e-03,4.031976527040317948e-01
3.426273398576086711e-03,2.182518822628378569e-02,4.226391774480183633e-02,1.024590270098808820e-01,1.214451497700508829e-02,9.191092366353208068e-04,6.471564747873125023e-02,4.506273589494517312e-03,7.477400483385916452e-01
4.898183960685024117e-03,7.398916118830097810e-01,1.420020472202860630e-02,1.831524239219127839e-02,2.891045940788151275e-02,4.674498003363414603e-04,1.623090076587251351e-01,1.757822495006247307e-02,1.342961522507983910e-02
2.164526734116913320e-01,1.093096458553961510e-03,8.609413875033307970e-04,1.650675235849729389e-03,8.676049756647423450e-03,6.885423421913950959e-01,2.705194560005298818e-03,7.915116802980427801e-02,8.678589685494260972e-04
7.998705513992772007e-04,7.939350630985789192e-03,6.489642143317406742e-01,5.305270057570333347e-02,1.997001711092114343e-02,3.200370763851025742e-04,9.326575783830139826e-03,5.281244790476520221e-03,2.543459891485578828e-01
7.816539561375270007e-03,8.560142809853410473e-01,2.315985839158336547e-05,1.093246422550018943e-01,4.469120906726973923e-03,2.784685029646403456e-04,2.100100144889788245e-02,1.053910713410928773e-03,1.887576788976852026e-05
1.473710634232217563e-02,6.839915050389316908e-01,1.053608715301164178e-01,9.129396715969666926e-03,7.732657849502098946e-02,2.489823847808769752e-03,6.579268955753904413e-02,1.226676185705319160e-02,2.890526661523779364e-02
7.858039521866273813e-05,6.959513091391106125e-03,2.246755690562864398e-04,2.775105039755927649e-03,9.660955092293294078e-01,4.197082369561714547e-05,2.360383316506349527e-02,4.588871101538307041e-05,1.749239754739792942e-04
7.930181434556294717e-04,1.495298662226658172e-02,3.390020539741646008e-03,9.364766306884673153e-01,4.520033545727456838e-03,1.573897117441223187e-04,3.665544618068357352e-02,8.701537290050767115e-04,2.184320838908204634e-03
1.472441777834953246e-03,1.038586672076724981e-03,6.615224195307892316e-04,3.829878683822291862e-03,5.231312152279667289e-03,1.128467595531470894e-03,3.083732308753356702e-03,9.824084658291846184e-01,1.145592560986166122e-03
8.227546793538187062e-03,1.942524670977914883e-02,7.748426605410121959e-02,1.063698116813194122e-01,1.439072468900289836e-01,1.439432009220483269e-02,3.072683498840757532e-01,1.358680378673487663e-02,3.093364081082173311e-01
4.650608716527058692e-03,4.710581679693182089e-02,3.361682320228424892e-02,9.959518888365356815e-02,1.788553693937031119e-02,7.438210664733812920e-03,7.236902680361508855e-01,1.162703007265076909e-02,5.439051668769791237e-02
5.780526631664418061e-04,6.569653574909911642e-02,5.522665165492125598e-03,8.565790767240938353e-01,7.427167721492166502e-03,5.323011037535141333e-04,4.803177456609832724e-02,5.160390284732525694e-03,1.047203602207246419e-02
8.565270690617289295e-01,1.592195458245232692e-04,8.139003186635711606e-06,2.344786994732929669e-04,1.139278550428819139e-03,1.108348018774189467e-02,1.094022943314428356e-03,1.297417986546914592e-01,1.251335361030290277e-05
9.091450506362033085e-03,9.109257399043715897e-02,2.200246050418300930e-02,3.217857412291816877e-01,1.175875234277031500e-01,2.341539527431467111e-03,3.746514323523869594e-01,2.298648226724005206e-02,3.846079619507450365e-02
6.215578249719677043e-04,8.882232929126532284e-01,4.716233729529766688e-03,7.941851003515045665e-03,8.050652992463231544e-03,3.537577546033034083e-05,8.514649978689606269e-02,5.491802222675880394e-04,4.715355752242723908e-03
7.459585768633628447e-03,5.454907279001930398e-02,1.626505918974827797e-02,1.725982341568441936e-01,6.867967694844343551e-01,1.227416610015318911e-03,4.190965123797721348e-02,3.984651333749501638e-03,1.520955942857810279e-02
9.361774207941968420e-06,1.169790795794158306e-04,2.231680601021490597e-03,4.691666592880101177e-04,2.228895428525174544e-04,3.172320457967506110e-06,4.875836559397638600e-04,3.668516994875543197e-05,9.964224811967039575e-01
7.457422427673572780e-03,1.188846474229080658e-01,9.254853402641030277e-03,1.233812742846262106e-01,6.793853076593863172e-01,8.526074311322568659e-04,5.282289586229211437e-02,1.391119908425135802e-03,6.569871600914963319e-03
4.769138212648738485e-04,7.134488927098797673e-01,4.764775930280490401e-03,1.655144326014396927e-01,2.824292326358395118e-03,9.310061943842836633e-05,1.098159183363979080e-01,7.575141804900684594e-04,2.304159474450021006e-03
9.685189175559800745e-01,1.078721800436071090e-03,4.829835951933218274e-05,1.178987915992913294e-03,2.554433178923617292e-03,8.595514040745310617e-04,9.743976185423935217e-04,2.419439673913752198e-02,5.922954273933416988e-04
3.379721277539217764e-03,7.823735189671101806e-03,2.467570887128163748e-01,4.519503025054497636e-01,2.986895946166133464e-02,5.564080127960583863e-03,1.394448366018495242e-02,2.604898205664025763e-03,2.381067308590526788e-01
1.804493431320385310e-01,1.534876594411357497e-03,4.601205097755133527e-05,1.947700481420642409e-03,7.270544262674415517e-03,7.414002561159103825e-03,6.480988917223475150e-03,7.946971483168773220e-01,1.593836832176631375e-04
1.559032057351698863e-02,1.030694124010445023e-02,3.348250722025462086e-03,6.892453172229623566e-03,1.623514743447246611e-01,1.313202946342319731e-02,3.944673313962043792e-01,3.904185896181209259e-01,3.492609469650604682e-03
4.734525016359176879e-03,8.890574789030254443e-01,1.276307225500367690e-03,1.053865025909050609e-02,6.936636418898150906e-03,3.086890744092324768e-03,4.798611522249370681e-02,3.563386602905031092e-02,7.495301814902565135e-04
9.634378042325986158e-01,6.953684841798344479e-03,2.356184244775998181e-04,1.255870035715534339e-03,4.210534103541132417e-03,1.218631786166553699e-03,6.067687383444693959e-03,1.608292636352097460e-02,5.372428287362748670e-04
4.350591261262959364e-02,4.760110696045492633e-03,3.780440504333246860e-04,1.514545127536521402e-02,8.745298096393584464e-01,4.095348721438331341e-03,3.668445222017559931e-02,2.041280153838034850e-02,4.880692461735999972e-04
2.269274500272140324e-02,6.033227524860412458e-03,4.125919719652149098e-02,2.298424887862439425e-02,3.940266604909746506e-02,3.199747095153484665e-03,2.792206327226095380e-02,5.570920237966848522e-03,8.309351847427937088e-01
9.577620927008577700e-01,8.659357398251103224e-04,1.641179072753167520e-04,3.042556157210847718e-03,1.715026833994291039e-02,5.556508546587694310e-03,6.947202514558284414e-03,8.334638579873371658e-03,1.766795138688963349e-04
6.215665727181752306e-04,2.856504658811128754e-06,1.499090562924556883e-07,2.016119721149496320e-05,4.253539753903291386e-05,4.389514084395285966e-04,1.214080605369208135e-04,9.987513934897760404e-01,9.774600642090798521e-07
7.799605528389498277e-01,8.158400532926541118e-04,1.695688246511934148e-05,5.975655054141466123e-04,2.362307608026790930e-03,4.573431258431444194e-04,4.080375698595799716e-04,2.152926494288694981e-01,8.874698727901313426e-05
7.847015613825572555e-04,1.295478081578350438e-04,1.125189890561507504e-05,9.979353770870762474e-01,7.035160584224053187e-04,1.700340685745204436e-04,1.967699729744121792e-04,6.752590482841698690e-05,1.275639678057765797e-06
1.900300017060394496e-03,4.259697248474750286e-02,4.056800786998267065e-03,1.090941940628848729e-02,4.201752153264582887e-03,5.111205668720845367e-04,4.795027999543796139e-03,9.280878303940992557e-01,2.940776191125696413e-03
3.897202363389608215e-09,1.630917547811622173e-09,2.318167727292147015e-09,3.445890531044629916e-09,3.354272882315632409e-09,9.999891478644039600e-01,3.018589532942523130e-06,7.325405062534471154e-06,4.934945494794233395e-07
5.279738910199682084e-03,5.618052172831442849e-03,2.455657004977107594e-02,6.159539279331537054e-02,9.511410310136820395e-03,1.530858526745108427e-03,1.980025194344428238e-02,8.181215946421601659e-01,5.398613065139636763e-02
1.044855925657497270e-02,5.449983903585155741e-04,1.894200928244944211e-05,3.218919669342326997e-04,2.232675140901457540e-03,4.190446452967321218e-03,6.202859494376919197e-04,9.815494780285719534e-01,7.272280497120919569e-05
1.020610612964899895e-03,1.807460363052032222e-04,9.967849042679245430e-01,1.408865309260753538e-03,8.832212115175996925e-05,1.390696127420475235e-04,2.482844624214094694e-04,1.180192041777178199e-04,1.117837305161135297e-05
4.581187260328541122e-02,1.818731801912427254e-02,1.927843833110191342e-03,3.587572552864350030e-03,7.142493068706237506e-03,2.745838105292664963e-02,9.692303172509159070e-03,8.845642604359645889e-01,1.627955261509400446e-03
4.551389139432135411e-04,1.142515280331134168e-05,2.665523522428625273e-07,5.536211483720189123e-05,6.352318118941734635e-05,9.977167960982562533e-01,5.664193934686743623e-05,1.633712091342871039e-03,7.133955928712436887e-06
5.096324811485388601e-03,1.070133461165282823e-01,7.277999005958064871e-02,1.587338558973133418e-01,1.155465695286249234e-01,3.371403937786090349e-03,1.507801390505547068e-01,3.581782744155126430e-01,2.850009618261380856e-02
3.369846195849016384e-03,1.613629948177522019e-02,8.437297236559208879e-02,3.885328884223413631e-02,2.301853162875021341e-02,6.388729036480735425e-04,4.598481060563104628e-02,1.310211973644876239e-03,7.863151660028749879e-01
1.838015584011588194e-04,8.519755503520490091e-06,1.288897158169853187e-05,1.046908962604340895e-04,7.417049772732372821e-05,9.990046474152178835e-01,3.912600933850956544e-04,1.434651123986992985e-04,7.655569952427582691e-05
1.027701472951614813e-02,2.300827330541314181e-04,2.959929176664016429e-05,8.243982403817677986e-05,4.970603845613689835e-04,9.754142116240931415e-01,6.392774114204718538e-04,1.276198172559586501e-02,6.833227595384952914e-05
2.113427835597188418e-03,6.716045471162043539e-04,1.145710260702358270e-02,8.767703629050501097e-04,5.369121243013930296e-04,9.966287446846307729e-05,4.181531405137594746e-04,1.710785679947053779e-04,9.836552879400799476e-01
9.999761575208342412e-01,8.322426501038573276e-07,4.037652754876562380e-08,1.601970138987991633e-07,2.687836783114045406e-06,4.805113807949877740e-06,4.939205955112210451e-06,1.023833611357634907e-05,1.391703146931441029e-07
9.657517261814340115e-01,2.088242154267323444e-03,8.355878528535653246e-05,8.885955623760830382e-03,6.990265282819602653e-03,5.961878470949508874e-03,3.583511751658052802e-03,6.470037935362141571e-03,1.848238144631873250e-04
7.332329353989333609e-02,7.214404782334115892e-04,1.992237166508734373e-04,3.118781999575111858e-04,1.372343101801192520e-03,8.895693455548291384e-01,6.875046761439468444e-04,3.359981470697984141e-02,2.151560255106597041e-04
1.163630101793565984e-02,1.160329218026040776e-01,1.340131893828635234e-01,2.157201750925854256e-01,5.443483709900161921e-02,4.248782244938434545e-03,2.089690057635091303e-01,7.311324241867007967e-02,1.818315451778919067e-01
7.398907340382294973e-02,1.248670495249677714e-02,7.769236833485981299e-03,8.390189344760375090e-02,6.265458727640040026e-02,3.759966381981739159e-01,1.385222053332184344e-01,2.259696534764506493e-01,1.871000707834670138e-02
3.415062787052342702e-02,2.685551357087974204e-03,1.402878062614053029e-03,5.750246778639086023e-03,3.071454921780759299e-03,8.542902636597317079e-01,2.746253522205215070e-02,6.336961628241241651e-02,7.816825845158456576e-03
8.476439148607984100e-03,1.409207057491562165e-01,3.411690527197340679e-03,2.829167903052249092e-02,3.569876894327102951e-02,3.938495018592255530e-03,6.997789906251707936e-01,7.377318111214617447e-02,5.710049845335713782e-03
2.060279030301896339e-03,6.991804668685854818e-01,1.993835670037177443e-03,7.408234626485332014e-03,1.788230227488008250e-01,4.706708217872683855e-03,8.768109626460883488e-02,1.645036760407095691e-02,1.695988969236768588e-03
2.337211113123894082e-02,9.365314664855722837e-02,6.597126214747361939e-02,5.382649440541200647e-01,9.302186056103341205e-02,3.732474246463406056e-03,1.127729874865958798e-01,1.917805955526320424e-02,5.003315416925401687e-02
7.264126267232315359e-03,6.355787797696395161e-04,9.550286277874768803e-01,1.046579860928030514e-02,7.501591582788285674e-03,5.620216966939164949e-03,2.153360344904749722e-03,8.917870610143232429e-03,2.412829051465371910e-03
8.421070544579135619e-01,1.612802425065200038e-02,1.434185200873338509e-03,1.160031915906424224e-02,1.032323168911383759e-02,4.687675189095730915e-03,8.230637110290182912e-02,2.679509676248903460e-02,4.618042187896206560e-03
2.573758431594426639e-03,6.493835025274534711e-01,1.642989909739971804e-02,1.171055561887326263e-02,1.938139783116713324e-02,2.027648639394992848e-04,2.919244743798611874e-01,3.812615547822465877e-03,4.581031701888822402e-03
3.399203217822440153e-03,1.033721867552300500e-01,5.058659361584934289e-02,4.885370684243158790e-01,5.810058030079048863e-02,1.310228043769074606e-03,1.679976875621360388e-01,8.207000993471655348e-02,4.462644214537037773e-02
7.424436371031091671e-03,1.711311391155921902e-01,3.550010409196006217e-02,7.765604837038256325e-02,1.692123553191390017e-01,3.262603106421571846e-03,1.831325255015256170e-01,5.733683043700866545e-03,3.469471050802472867e-01
1.468144664373553093e-02,2.502841613459783066e-01,1.996353345534915835e-01,3.408690268868477119e-02,1.060345531313590522e-01,9.647408601613872980e-03,3.301894005317012049e-01,1.372984817165252142e-02,4.171094433178348243e-02
1.017598393995808835e-02,4.650665568223797397e-01,7.834464412733804783e-02,1.208006603671942306e-02,4.362513916873883568e-02,2.444876763210439199e-03,6.615946363876003267e-02,3.044855601974113535e-01,1.761770930548386613e-02
3.918690311381573671e-02,3.227818527631968202e-04,3.856819287216021954e-05,1.071772729088433856e-04,1.124693216242550952e-03,9.122535742329823671e-01,1.049827393526601418e-03,4.585485298518673231e-02,6.162173970153666126e-05
3.071690877656633751e-03,1.263378497559425329e-01,3.787081179476624593e-01,1.434772956985306824e-01,5.434576450799077918e-02,7.713329196595358154e-04,2.794370678570298194e-01,1.188747345137733044e-02,1.963406984150116007e-03
8.603021154511551912e-05,7.187472259220130041e-03,3.248149630611343777e-05,1.657531245858002641e-03,9.778359667472910077e-01,1.317996637099656386e-04,8.945287333119595827e-03,4.019541754139550026e-03,1.038892888104033348e-04
9.662352900723036875e-01,1.687587641372437957e-05,7.152411499862441124e-06,4.154903788770591017e-05,2.100860955837324242e-04,1.254017407828842898e-02,6.144785656053015617e-05,2.088076740979276716e-02,6.657161669380289155e-06
1.840494160455764588e-03,7.490755087419043168e-02,2.051667488152133807e-03,1.345690636584534194e-01,2.306400195904278680e-02,6.398367001762054985e-04,7.439543999315708644e-01,1.696517620669524273e-02,2.007809021263240023e-03
1.776834264969016572e-02,1.070248514359715131e-01,3.191883278542894525e-02,3.257037515377017578e-02,1.784214279232466394e-01,4.884812837226124721e-02,1.871770033115799092e-01,3.563544324422672771e-01,3.991660592578404054e-02
1.209626659008576112e-03,4.017026173005053789e-03,4.011432779477012772e-04,5.235405809418955739e-03,5.381063085137293214e-03,8.070303160884206850e-01,4.475512327006150523e-03,1.698456559767744234e-01,2.404250603281808327e-03
1.502439827340536216e-02,9.689284071579830349e-02,8.998883511224506360e-03,2.657250555036340389e-02,1.259782741011047369e-01,4.625133565615581303e-03,1.145598105053009519e-01,5.987831808137540346e-01,8.564972963433302444e-03
2.003854427042462208e-02,1.493003590310786706e-03,9.588629021117754669e-04,4.975514122393285936e-03,1.146189962003290978e-02,3.798956839262616469e-03,9.536038899218856058e-01,2.836525822021322436e-03,8.328029115570660494e-04
2.192887953104412842e-08,9.710236657157769957e-09,9.823398795441686655e-09,2.161071232307493775e-08,2.101583750097691407e-08,9.999159741959279257e-01,2.533030496536600937e-05,5.748410250207629214e-05,1.127307539812402555e-06
7.715581579707331619e-03,4.607232980773004472e-02,1.274932693759013580e-01,3.339222120541551764e-01,1.775766443549814111e-01,2.614379053908514380e-03,1.645881256586005092e-01,7.788206566933571044e-03,1.322292515480817110e-01
2.943281251025553057e-03,3.106729590122558338e-01,2.649844911439369621e-01,1.227900114644899232e-01,2.073806312920976197e-02,5.698436091222261815e-04,6.064143682927487095e-02,7.141934554429432876e-03,2.095179790062558500e-01
1.505521808636773283e-02,2.419778755839333307e-05,5.474345941063947534e-06,1.749068205961090507e-05,6.360123980152416773e-05,9.823749372538166380e-01,5.385092243746944735e-05,2.402522031775844360e-03,2.707650241492441824e-06
1.225609667472085940e-01,2.149046420237297160e-03,1.707756243322010000e-04,8.807796507043621831e-04,1.727247294439065040e-03,8.191849110407304346e-01,9.475016319269790460e-03,4.364181268628210264e-02,2.094442167966185898e-04
5.395183216903828675e-03,6.414692946424593867e-02,2.446789998703336189e-01,1.578656927021281076e-01,3.736192384806470701e-02,1.090804281245269600e-03,7.742043329419712183e-02,2.857164840475004842e-03,4.091828684824068696e-01
6.775257974156454529e-04,1.871672312175730272e-05,1.468762184901308724e-05,9.754778789654795139e-05,5.885310110035524734e-05,9.986722746743675883e-01,2.607307905853249947e-04,1.314504365836385955e-04,6.821306708010562250e-05
6.888823627326525444e-03,1.576256610835451710e-01,3.569386862925930104e-02,1.904161056241739369e-01,4.851642574646029826e-02,6.283499354664065376e-04,4.218195970161878888e-02,1.500970278706777010e-02,5.030391028650820218e-01
9.839152463087922924e-04,2.432621479729113521e-04,7.478878842176676455e-06,1.142630638190601984e-04,1.160003592685616920e-04,9.968497758912070461e-01,1.593180905860445875e-04,1.496110820975015548e-03,2.987550102065479837e-05
7.966198317915318405e-02,5.000569058971552315e-03,7.953195629852289174e-04,1.431366758668625033e-02,8.547243191589355416e-01,4.399959828503903665e-03,3.091317964282328315e-02,8.533224858786769840e-03,1.657777123154329001e-03
8.825781652364956750e-03,1.496154053013838518e-02,3.009254348752455482e-02,3.922547122441463752e-01,6.114979799262650756e-02,6.580788311816456078e-03,1.847569937068732071e-01,1.966475984390381460e-01,1.047302436354711347e-01
3.047741900400264842e-03,1.791525374844444018e-01,6.088170478976636518e-02,2.576894665972424003e-01,1.522970916703793032e-01,9.501752416700472983e-04,2.187959251509504766e-01,1.061646496936078168e-02,1.165688921957861029e-01
3.409668381733284553e-03,4.678076889502919694e-02,4.082150081428205859e-03,9.314386558834580887e-02,2.545235822493193689e-01,1.184936590649207644e-03,5.658370528518784637e-01,2.095461835660236347e-02,1.008335700501394698e-02
9.649590078234827617e-01,7.978966679611844762e-03,5.523511833210772558e-04,2.369927700711709113e-03,5.364660820246208023e-03,8.772301672545027842e-04,2.056870117279197777e-03,1.537193776191758503e-02,4.690477461754326369e-04
8.966423035095887409e-03,1.294445363241082392e-01,2.616549221288111404e-02,8.697772648966714537e-02,2.846586395471097930e-01,2.593732776135341395e-03,2.495519534028207143e-01,1.877299172907712088e-01,2.391157892141038133e-02
1.360804635575843004e-02,7.129244695646026753e-05,5.344699707120473222e-06,4.554274074274524412e-05,1.963709172613259683e-04,9.609792358413989932e-01,7.475966682039574191e-05,2.501362691962517870e-02,5.780411729620878799e-06
4.310921015461592620e-03,1.628352803449560349e-01,4.162673239827880539e-02,1.326183130627300311e-01,3.903597776303985994e-02,4.040825851034186215e-04,5.503459811633714116e-01,4.021867999094244639e-02,2.860403167611621361e-02
1.481222160793490368e-04,1.762770198194954854e-02,1.203648181985311240e-03,1.961594138587996212e-03,9.508985146045580983e-01,5.273983657670353606e-04,2.692041807697436590e-02,4.229566571329014188e-04,2.896457769653653595e-04
7.086366763836188286e-04,1.426099897209844296e-03,2.956433982703584804e-03,8.427372822583899525e-01,2.171818997845758117e-02,2.168579292052417908e-04,1.277965307319801069e-01,2.064052942165072336e-03,3.759156035048962798e-04
1.269811748429578412e-02,3.104005610511374746e-02,8.639422089910041985e-03,2.921066369036911387e-02,5.952522458221469470e-02,1.534805456039834426e-01,5.333254583384342551e-01,1.643209310476195506e-01,7.759581058059493615e-03
4.687583262220697787e-03,7.880635913063834819e-01,5.855807824313879334e-02,1.633678643270375722e-02,2.269414269925766961e-02,7.090481566905487655e-04,1.612104741268340774e-02,1.084523146979620052e-02,8.198449101712521059e-02
2.031341452792075064e-01,1.244654894027532287e-02,3.358203507019989504e-03,7.613789764641736013e-02,2.339557385433824535e-02,3.617763075194167701e-03,1.046439540394149791e-02,6.634986658508198465e-01,3.946806442785768740e-03
5.869624399562106687e-02,1.884738822283823882e-03,2.830475431655310285e-04,1.036412306730001868e-03,6.306116144709088961e-03,2.853572170066438329e-03,2.274828487156499175e-03,9.265726250329964220e-01,9.241549727131368732e-05
7.042253861815278050e-03,2.175791961503320548e-01,1.769067563082873940e-01,1.142113657124329551e-01,3.961300109209990594e-02,2.058015945568664878e-03,1.783510083131861490e-01,5.116986899051194186e-03,2.591214157172262444e-01
2.996707156152549900e-01,5.916757560281596211e-03,4.270186014582673210e-03,7.612407580883222454e-03,1.345446782408462640e-02,3.264060422603174971e-01,1.113389308902316618e-02,3.257176617474794589e-01,5.817868308092851055e-03
4.304933656971982395e-03,8.107606360451173888e-01,5.021347931348783128e-02,3.373193872177785574e-02,4.898006212894573386e-02,3.684327115916678861e-04,3.672856481669700690e-02,8.287131295355463709e-04,1.408323947587500000e-02
1.202400736221090512e-02,6.571738683672082026e-02,7.389283319044090415e-02,2.003948645870293199e-01,1.549258319641898807e-01,1.242082825752308366e-03,3.874472280902601651e-01,1.183995247587589679e-02,9.251581266751986166e-02
2.147946191052123310e-03,6.696437030696616999e-01,1.717136043810670379e-02,2.055204068490740568e-02,1.944879667717267641e-02,2.427473381009452157e-04,1.314377478589747739e-01,3.429888186934410520e-03,1.359257695550889489e-01
9.936283272931970556e-01,6.547886587051218125e-04,1.409547657455183171e-05,2.923346063202601091e-04,2.610666667422273466e-03,1.882173293272195922e-04,6.028776344358734466e-04,1.858590731344131764e-03,1.501016026735660326e-04
4.898223471213865830e-03,7.273745268685605225e-02,2.247400609447001707e-01,4.810393537485112558e-01,2.057113232248617904e-02,7.747525694090397902e-03,7.256016761782199676e-02,1.432343644677980428e-02,1.013826470675404101e-01
2.873488844446601270e-02,3.768900736042961608e-01,3.644414065189007235e-01,7.713234031107041658e-03,2.591609056745748998e-02,3.729843265029210431e-03,1.486086536505952863e-02,1.563701274384059481e-01,2.134347076527731354e-02
3.374815367349028916e-10,6.335880204642809170e-11,5.063572375845827799e-11,7.746616968149241613e-11,9.719595276568332748e-11,9.999909894826638501e-01,2.531613217267811084e-07,8.575721111162897073e-06,1.810087651829117598e-07
1.782052717465911623e-02,1.219662477359440347e-02,9.124901749206626445e-02,4.678554327175863531e-02,3.115545153334108378e-02,8.043996267760646426e-03,1.014454979981968957e-01,7.428027472536001541e-02,6.170230667632623511e-01
6.616516640818725578e-03,1.903710550997672266e-02,1.943835225212165591e-02,8.101086686556324690e-01,4.381228725483014147e-02,1.037868507176459851e-03,5.884521605217921808e-02,7.494158902975922229e-03,3.360982622428897865e-02
2.544030125289275125e-03,3.178085491213773414e-03,1.339529120982284631e-03,1.699293981078922600e-02,4.472788131021931263e-02,2.471701358037332831e-04,2.360602094907282913e-02,9.058168525311524055e-01,1.547490525477344036e-03
7.756778897192433825e-03,1.398984761377101461e-02,1.152708494985174277e-03,3.921853519602925241e-03,5.314922471160479257e-03,1.781666912885319096e-03,3.908127162115066118e-03,9.608625832882574658e-01,1.311511640030196607e-03
4.980407630482669608e-03,8.265424602578079830e-03,6.302390786769325182e-01,7.577789146602138814e-02,3.017473517321199103e-02,4.246691308964003174e-03,3.942271434796708329e-02,5.730870547022392548e-03,2.011621862468197797e-01
2.412545984247571346e-03,6.555057435037019431e-01,4.848937020466493469e-02,1.280862201871539319e-01,6.720700313505112433e-02,9.683689183612946127e-04,7.691368884805430128e-02,1.162066508239248223e-02,8.796394136372892927e-03
1.507820430918507121e-02,1.832852237684066488e-03,1.084274377798536115e-04,2.207651190296283216e-03,3.530687720529187765e-03,2.564517336179900422e-03,2.704700063949506701e-03,9.718362634716353199e-01,1.366962327609017058e-04
2.979197261928343866e-03,5.579778470372445676e-02,5.052045224128305645e-02,6.212402640976272261e-01,3.708018460425616114e-02,4.673514528365698556e-04,1.946226878865867649e-01,1.271549419764347183e-02,2.457658355411385803e-02
6.029918248919916707e-02,1.425631593491625540e-03,2.678446368676527366e-04,2.691898400856454661e-03,6.630653163150351977e-03,1.147345404434777921e-01,9.513124839430311258e-03,8.033542439768807109e-01,1.082880456646203964e-03
2.233840832794463285e-04,9.267224142180149338e-01,1.331735816075541468e-03,1.460802220660434303e-02,1.442434032660340829e-02,3.057088936735423076e-05,4.227738429795438457e-02,2.568810815207845169e-04,1.252670805796489970e-04
1.439230269488899622e-02,4.311048159578891384e-03,8.242489823518928116e-02,3.012925380214623305e-02,2.138190224235996251e-01,4.884480421765655458e-03,5.440110786280425437e-01,1.014483261672497472e-01,4.579589467538924472e-03
1.371948181686735918e-08,4.887087068397165822e-09,7.059392213661688360e-09,1.127473716519598429e-08,1.288833739542908366e-08,9.999335877783369630e-01,5.071611411880450114e-05,9.276708203235642717e-06,6.369570305571269653e-06
8.169813265297467863e-07,3.021136544462848418e-07,3.381209891103565880e-07,6.590965497748386823e-07,6.827384509951961356e-07,9.988887879925056890e-01,3.396740236427701697e-05,1.069198545217734395e-03,5.247008941343056015e-06
2.238725091158726404e-03,1.736121870944111727e-03,1.565664317892909293e-03,2.420674555511358531e-03,6.161994675471635721e-03,1.429573858372850184e-03,9.830249214547152059e-01,1.208212845484176769e-03,2.141113304488823793e-04
9.487041422293983617e-01,4.787975476426091156e-03,1.261013738581460378e-04,3.386229719333269314e-03,9.790923702012796839e-03,1.243637688259824911e-03,3.960069715516782198e-03,2.728634548948762409e-02,7.145746057070348142e-04
5.549889038428111945e-03,1.195020176901602504e-01,5.396452268653811890e-02,2.043905496256176735e-01,1.134534836705081498e-02,3.574939054818542135e-03,5.797934865060343501e-01,5.863526167730805788e-03,1.601572086362127237e-02
7.610760127179166772e-03,2.275941645337931779e-02,9.344135930013774266e-03,2.634847762839839097e-02,2.929137555669388271e-01,2.392845138978015943e-03,6.184156305518337948e-01,2.214917635868007828e-03,1.800006096741091355e-02
5.144522339672938545e-03,5.577761987414007194e-01,1.037385262501688277e-01,2.429225739596170899e-02,1.289273012539258467e-01,1.289379065084548647e-03,7.212946638906765628e-02,9.019777901604382475e-02,1.650456954867439777e-02
1.945979410409229141e-04,2.898789056346794991e-03,1.604688485828060888e-03,9.894931663930490728e-01,7.090253035657394492e-04,7.715564255542723055e-05,3.329307615192067093e-03,2.071571994926134776e-04,1.486112362929174931e-03
1.406047320096696050e-02,3.808239785153891277e-02,4.087487878323595170e-02,4.552684956641400715e-02,4.865435666919404323e-02,6.263816918808361445e-01,7.217418108061531001e-02,9.061083637078766462e-02,2.363433459641081993e-02
5.638176506740893990e-01,1.580239264523115861e-02,3.397164822100484736e-04,1.108438585182122162e-03,2.995118956661982010e-02,3.295344475124626499e-02,9.753884434046762933e-03,3.458779291321596450e-01,3.953537292144012455e-04
2.063151391562672091e-02,1.560205930250781626e-03,3.053803736021320939e-04,1.565627080838799621e-03,9.023442719083190136e-03,2.820857815738303867e-02,9.201468899483788988e-01,1.814084117487061582e-02,4.175206999654487217e-04
3.848816088798627522e-02,8.306737409414093332e-01,7.229175499278903388e-04,1.722506738124434528e-02,1.010487740330606905e-02,4.246983961780613666e-03,9.038566802986867932e-02,2.415999460700491482e-03,5.736584383776255000e-03
1.031623539011785641e-02,9.434190430090703960e-02,2.113877807103759984e-02,2.678403456132190663e-01,2.503972354276540191e-01,1.020249878678980426e-02,2.536350262746682738e-01,2.445324372497393456e-02,6.767473241063291789e-02
3.143014581891786507e-01,1.648022720848908024e-02,1.214000855760432457e-02,1.624158380081280051e-01,1.553820123608495585e-01,1.314999676234828579e-02,2.060667622053773684e-01,8.734528251169489110e-02,3.271841419632997433e-02
1.788464939303607251e-04,1.896968959205575650e-02,2.076013377217654499e-03,9.184360626581169473e-01,2.549772165360188192e-02,8.004520197385875000e-05,2.876441006152146568e-02,1.957138471906027198e-04,5.801497114391407015e-03
2.279718101646670270e-03,5.275379503932947634e-01,4.569145703842361628e-02,3.442529294970558817e-01,2.967745734738299820e-02,3.305972906863965770e-04,2.002121923224613187e-02,1.410387247452511098e-03,2.879828385181121622e-02
1.673960098362500121e-02,7.450515510810459263e-01,2.107272826566722497e-03,6.156847628681627604e-02,1.100595832275539157e-02,5.588113260021096255e-03,1.512079814397973010e-01,4.309309233503384046e-03,2.421736565868532441e-03
8.091333242638141382e-03,1.612993253701783258e-01,3.306018823799516254e-02,1.064349964606153831e-01,4.560321561889947584e-02,3.088696058048503654e-03,5.482022557432186805e-01,4.747029584725175229e-03,8.947295968368135233e-02
3.455936199496247724e-02,2.333700772148388218e-04,8.522933360999956334e-05,2.529570728793494711e-04,7.751401186184564288e-04,5.702229983986913803e-02,4.383759085797750183e-04,9.065562789302819002e-01,7.698672398414362962e-05
9.133001459417191756e-03,1.893091898868794754e-01,5.732423765411684968e-01,4.256501079865666892e-02,1.492690295568851674e-02,1.629731282147850588e-03,5.273920072321048452e-02,3.782894280285962595e-03,1.126716920725453625e-01
3.962810995438016820e-09,2.441749937172936871e-09,2.568599002600124479e-09,5.009240414021606481e-09,5.804218133761084144e-09,9.999252682095195466e-01,6.387842393670723042e-06,6.723481993251110168e-05,1.089341535873193873e-06
1.032769451888821723e-02,9.873737277291209924e-02,1.799798273176847138e-02,4.879078445579570350e-02,6.767320991220934778e-02,3.641216108866849634e-03,4.317235441545337338e-01,2.759660481390546760e-01,4.514214720597075486e-02
1.126432248875608097e-02,5.405074818408683868e-02,2.031123577203840930e-02,2.257850956026607736e-01,2.082850565753963448e-02,2.724139577469590796e-03,6.182462723153696604e-01,5.294969425177528666e-03,4.149471097690147353e-02
3.167364206373940450e-02,1.537532001659416003e-01,2.715094313163085929e-02,6.875245499602812560e-02,9.307026192863446235e-02,2.280218347518315342e-02,1.260750187602890371e-01,4.236121184581519428e-01,5.311017702040177202e-02
3.155362987644052142e-03,1.836626621720027080e-02,1.914597726875474828e-03,4.606307137752700329e-03,2.683726607587498970e-03,3.903208511558299977e-04,1.147493904636468463e-02,9.572223363936250840e-01,1.861430317942322011e-04
1.838564912722422465e-02,4.340413832458403509e-01,2.417863961814784197e-03,3.962444269532572338e-03,1.333406684510267046e-02,3.604495515075103323e-04,5.113638380161977803e-01,1.366866033640621973e-02,2.465644646373839777e-03
1.372047294226367946e-02,9.029000254873073561e-02,5.562527631796756675e-03,8.226245885835270499e-02,3.526406768202067776e-01,6.165066538331941820e-02,3.220633533141086802e-01,5.393509191577541134e-02,1.787475058544589490e-02
7.615822620734448011e-05,9.215660410631355826e-03,6.051810601913863719e-04,9.331457976798129828e-01,1.195350794777367068e-02,5.619684266233273607e-05,4.344128644979695225e-02,7.233309247240412654e-04,7.828804582003454082e-04
9.563200770970231579e-01,1.866007226459399232e-02,5.588322377579484123e-04,1.377224378111174992e-03,2.082575696441418562e-03,5.959360961406984757e-03,1.418777498151446064e-03,1.310102893036649285e-02,5.220509361474302227e-04
9.374741171579921732e-04,7.551370041166676206e-01,2.715202253957849782e-02,6.352678470399276967e-02,2.311741004620293527e-02,9.558879312290299954e-05,1.169054761620158117e-01,5.009510346769546893e-04,1.262728848658452481e-02
9.196530615213192039e-01,7.794338776521208927e-03,4.087478963844586250e-04,1.852656487222687984e-02,6.716770010012955254e-03,4.962833021386488762e-03,4.361193047992438336e-03,3.106778948293831624e-02,6.508701371218062783e-03
4.915804694300788050e-03,2.361197363569582722e-02,3.033132790211364241e-04,7.845681140817023502e-01,5.365842493900389344e-03,2.018015942710893462e-03,1.779445069433399640e-01,5.926725874303576461e-04,6.797563418981878228e-04
